Example: 3
n =  10
m =  8

Original bicoloring matrix: 
 [[ 1.  1.  1.  1. -1. -1. -1.  1.  1. -1.]
 [ 1. -1. -1.  1.  1. -1.  1.  1.  1. -1.]
 [ 1.  1. -1.  1.  1. -1. -1. -1.  1. -1.]
 [-1. -1. -1.  1. -1. -1. -1.  1. -1.  1.]
 [ 1. -1.  1.  1. -1.  1. -1.  1. -1. -1.]
 [-1.  1. -1.  1.  1. -1.  1. -1.  1.  1.]
 [-1. -1.  1. -1. -1. -1.  1. -1.  1. -1.]
 [ 1.  1. -1.  1.  1.  1.  1.  1.  1. -1.]]
S =  [2, 4]
Minimum imbalance =  2.0
number of columns in origianl matrix =  10

Reduced bicoloring matrix after duplicate column elimination: 
 [[-1.  1.  1.  1. -1.  1. -1.  1. -1.  1.]
 [ 1. -1.  1.  1.  1. -1. -1.  1. -1.  1.]
 [-1.  1.  1.  1.  1. -1. -1. -1. -1.  1.]
 [-1. -1.  1. -1. -1. -1.  1.  1. -1. -1.]
 [-1. -1.  1.  1. -1.  1. -1.  1.  1. -1.]
 [ 1.  1.  1. -1.  1. -1.  1. -1. -1.  1.]
 [ 1. -1. -1. -1. -1.  1. -1. -1. -1.  1.]
 [ 1.  1.  1.  1.  1. -1. -1.  1.  1.  1.]]
S =  [4, 5]
Minimum imbalance =  2.0
number of columns in duplicate matrix =  10
QP solution: x =
[-2.49995634e-01 -2.49995618e-01 -2.80682543e-08 -5.88023435e-08
  2.74606698e-09 -1.49318458e-08  2.49995544e-01 -1.36311566e-08
  2.49995560e-01  4.99991151e-01]
index of strong columns [4 6 8 9]

Optimized Bicoloring Matrix using QP Solver and Duplicate Column Removal.: 
 [[-1. -1. -1.  1.]
 [ 1. -1. -1.  1.]
 [ 1. -1. -1.  1.]
 [-1.  1. -1. -1.]
 [-1. -1.  1. -1.]
 [ 1.  1. -1.  1.]
 [-1. -1. -1.  1.]
 [ 1. -1.  1.  1.]]
S =  [1, 3]
Minimum imbalance =  4.0
number of columns in strong matrix =  4



********************************************************************


Example: 134
n =  18
m =  16

Original bicoloring matrix: 
 [[-1. -1.  1. -1. -1. -1. -1. -1.  1.  1. -1.  1. -1.  1.  1.  1.  1.  1.]
 [-1.  1. -1. -1. -1.  1. -1.  1.  1. -1.  1. -1. -1. -1.  1.  1.  1. -1.]
 [ 1. -1. -1.  1. -1.  1.  1.  1.  1.  1.  1. -1.  1. -1. -1. -1.  1.  1.]
 [-1. -1.  1.  1.  1. -1.  1. -1. -1. -1. -1.  1. -1.  1. -1.  1. -1.  1.]
 [-1.  1. -1. -1.  1.  1. -1. -1.  1. -1. -1.  1.  1. -1. -1.  1. -1.  1.]
 [-1.  1. -1. -1. -1. -1. -1. -1. -1. -1.  1. -1. -1.  1.  1. -1.  1.  1.]
 [ 1.  1. -1. -1.  1.  1. -1. -1. -1. -1.  1. -1.  1. -1.  1. -1.  1.  1.]
 [ 1.  1. -1. -1. -1. -1. -1.  1.  1. -1.  1.  1.  1. -1.  1. -1.  1.  1.]
 [-1. -1. -1. -1. -1.  1.  1. -1. -1. -1.  1. -1. -1. -1. -1.  1. -1.  1.]
 [ 1.  1. -1.  1.  1. -1.  1. -1. -1.  1. -1.  1. -1.  1.  1.  1. -1.  1.]
 [ 1. -1.  1. -1. -1. -1.  1.  1.  1.  1.  1.  1.  1. -1. -1. -1. -1. -1.]
 [ 1. -1.  1. -1.  1. -1. -1.  1.  1.  1. -1. -1.  1. -1.  1.  1.  1. -1.]
 [ 1.  1. -1. -1. -1. -1. -1. -1.  1. -1.  1.  1. -1.  1. -1.  1. -1.  1.]
 [ 1.  1.  1.  1.  1. -1. -1.  1. -1. -1. -1.  1.  1.  1. -1. -1. -1. -1.]
 [ 1. -1.  1. -1. -1.  1. -1. -1. -1.  1. -1.  1. -1. -1.  1. -1. -1.  1.]
 [-1. -1.  1. -1.  1. -1.  1.  1. -1.  1.  1.  1. -1. -1.  1. -1.  1.  1.]]
S =  [1, 2]
Minimum imbalance =  6.0
number of columns in origianl matrix =  18

Reduced bicoloring matrix after duplicate column elimination: 
 [[ 1. -1.  1.  1. -1. -1. -1.  1.  1. -1.  1. -1. -1. -1.  1.  1.  1. -1.]
 [-1. -1. -1. -1.  1. -1.  1. -1. -1. -1.  1.  1. -1.  1.  1.  1.  1. -1.]
 [-1.  1.  1. -1.  1. -1.  1.  1. -1.  1. -1. -1.  1.  1.  1. -1.  1.  1.]
 [ 1. -1.  1.  1. -1.  1. -1. -1.  1.  1. -1. -1.  1. -1. -1.  1. -1. -1.]
 [ 1.  1.  1. -1. -1.  1. -1. -1. -1. -1. -1.  1. -1.  1.  1.  1. -1. -1.]
 [-1. -1.  1. -1. -1. -1.  1. -1.  1. -1.  1.  1. -1. -1. -1. -1.  1. -1.]
 [-1.  1.  1. -1. -1.  1.  1. -1. -1. -1.  1.  1. -1.  1. -1. -1.  1.  1.]
 [ 1.  1.  1. -1.  1. -1.  1. -1. -1. -1.  1.  1. -1. -1.  1. -1.  1.  1.]
 [-1. -1.  1. -1. -1. -1.  1. -1. -1.  1. -1. -1. -1.  1. -1.  1. -1. -1.]
 [ 1. -1.  1. -1. -1.  1. -1.  1.  1.  1.  1.  1.  1. -1. -1.  1. -1.  1.]
 [ 1.  1. -1.  1.  1. -1.  1.  1. -1.  1. -1. -1. -1. -1.  1. -1. -1.  1.]
 [-1.  1. -1.  1.  1.  1. -1.  1. -1. -1.  1. -1. -1. -1.  1.  1.  1.  1.]
 [ 1. -1.  1. -1. -1. -1.  1. -1.  1. -1. -1.  1. -1. -1.  1.  1. -1.  1.]
 [ 1.  1. -1.  1.  1.  1. -1. -1.  1. -1. -1.  1.  1. -1. -1. -1. -1.  1.]
 [ 1. -1.  1.  1. -1. -1. -1.  1. -1. -1.  1. -1. -1.  1. -1. -1. -1.  1.]
 [ 1. -1.  1.  1.  1.  1.  1.  1. -1.  1.  1. -1. -1. -1. -1. -1.  1. -1.]]
S =  [2, 4]
Minimum imbalance =  6.0
number of columns in duplicate matrix =  18
QP solution: x =
[-0.00829822  0.38530858  0.10669995  0.20510131 -0.23355662 -0.09840149
  0.86072053  0.43036012 -0.47541154 -0.80737056  0.24185539 -0.03675392
  0.90577205 -0.33195839 -0.188505    0.38530838 -0.48371051 -0.43036027]
index of strong columns [ 1  2  3  6  7 10 12 15]

Optimized Bicoloring Matrix using QP Solver and Duplicate Column Removal.: 
 [[-1.  1.  1. -1.  1.  1. -1.  1.]
 [-1. -1. -1.  1. -1.  1. -1.  1.]
 [ 1.  1. -1.  1.  1. -1.  1. -1.]
 [-1.  1.  1. -1. -1. -1.  1.  1.]
 [ 1.  1. -1. -1. -1. -1. -1.  1.]
 [-1.  1. -1.  1. -1.  1. -1. -1.]
 [ 1.  1. -1.  1. -1.  1. -1. -1.]
 [ 1.  1. -1.  1. -1.  1. -1. -1.]
 [-1.  1. -1.  1. -1. -1. -1.  1.]
 [-1.  1. -1. -1.  1.  1.  1.  1.]
 [ 1. -1.  1.  1.  1. -1. -1. -1.]
 [ 1. -1.  1. -1.  1.  1. -1.  1.]
 [-1.  1. -1.  1. -1. -1. -1.  1.]
 [ 1. -1.  1. -1. -1. -1.  1. -1.]
 [-1.  1.  1. -1.  1.  1. -1. -1.]
 [-1.  1.  1.  1.  1.  1. -1. -1.]]
S =  [2, 3]
Minimum imbalance =  8.0
number of columns in strong matrix =  8



********************************************************************




Example: 166
n =  17
m =  15

Original bicoloring matrix: 
 [[ 1. -1. -1. -1.  1. -1. -1. -1.  1. -1.  1. -1. -1.  1. -1. -1. -1.]
 [-1.  1. -1. -1.  1.  1.  1. -1. -1. -1.  1. -1. -1.  1.  1.  1. -1.]
 [-1. -1. -1.  1.  1.  1.  1. -1. -1. -1.  1.  1. -1. -1. -1.  1. -1.]
 [-1.  1.  1.  1. -1. -1. -1.  1. -1.  1. -1.  1.  1.  1. -1.  1. -1.]
 [-1. -1.  1.  1. -1. -1. -1.  1.  1.  1. -1. -1.  1.  1.  1. -1. -1.]
 [-1. -1. -1.  1.  1. -1. -1.  1.  1. -1. -1. -1.  1. -1. -1.  1. -1.]
 [-1. -1.  1.  1. -1. -1.  1.  1. -1. -1.  1. -1.  1. -1. -1. -1. -1.]
 [ 1.  1.  1. -1.  1. -1. -1.  1.  1.  1. -1. -1.  1.  1. -1.  1.  1.]
 [ 1.  1. -1.  1. -1. -1.  1.  1.  1. -1.  1. -1.  1. -1. -1. -1.  1.]
 [-1. -1.  1. -1. -1. -1.  1. -1.  1. -1.  1. -1. -1.  1.  1.  1.  1.]
 [-1.  1.  1.  1. -1.  1. -1.  1.  1. -1.  1.  1.  1.  1.  1.  1. -1.]
 [ 1. -1. -1. -1. -1.  1.  1. -1. -1. -1.  1. -1. -1.  1. -1.  1.  1.]
 [-1.  1. -1.  1.  1.  1. -1. -1.  1. -1. -1.  1. -1. -1. -1.  1. -1.]
 [-1.  1. -1. -1. -1.  1.  1. -1.  1.  1.  1. -1.  1. -1.  1. -1.  1.]
 [ 1.  1.  1. -1. -1. -1.  1.  1. -1.  1.  1.  1. -1. -1.  1. -1. -1.]]
S =  [5, 7]
Minimum imbalance =  6.0
number of columns in origianl matrix =  17

Reduced bicoloring matrix after duplicate column elimination: 
 [[-1. -1. -1.  1.  1. -1. -1.  1. -1. -1.  1.  1. -1. -1. -1. -1. -1.]
 [-1.  1.  1.  1. -1. -1.  1.  1. -1. -1. -1.  1. -1.  1. -1.  1. -1.]
 [-1.  1. -1.  1. -1. -1. -1.  1.  1. -1. -1. -1.  1.  1. -1.  1. -1.]
 [-1. -1.  1. -1. -1.  1. -1. -1.  1.  1. -1.  1.  1. -1.  1.  1.  1.]
 [-1. -1. -1. -1.  1.  1.  1. -1. -1.  1. -1.  1.  1. -1.  1. -1.  1.]
 [-1. -1. -1.  1.  1. -1. -1. -1. -1.  1. -1. -1.  1. -1.  1.  1. -1.]
 [-1. -1. -1. -1. -1. -1. -1.  1. -1.  1. -1. -1.  1.  1.  1. -1.  1.]
 [ 1. -1.  1.  1.  1.  1. -1. -1. -1.  1.  1.  1. -1. -1.  1.  1.  1.]
 [ 1. -1.  1. -1.  1. -1. -1.  1. -1.  1.  1. -1.  1.  1.  1. -1. -1.]
 [ 1. -1. -1. -1.  1. -1.  1.  1. -1. -1. -1.  1. -1.  1. -1.  1.  1.]
 [-1.  1.  1. -1.  1. -1.  1.  1.  1.  1. -1.  1.  1. -1.  1.  1.  1.]
 [ 1.  1. -1. -1. -1. -1. -1.  1. -1. -1.  1.  1. -1.  1. -1.  1. -1.]
 [-1.  1.  1.  1.  1. -1. -1. -1.  1. -1. -1. -1.  1. -1. -1.  1. -1.]
 [ 1.  1.  1. -1.  1.  1.  1.  1. -1.  1. -1. -1. -1.  1. -1. -1. -1.]
 [-1. -1.  1. -1. -1.  1.  1.  1.  1. -1.  1. -1. -1.  1.  1. -1.  1.]]
S =  [1, 14]
Minimum imbalance =  6.0
number of columns in duplicate matrix =  17
QP solution: x =
[-0.1523542  -0.02029972 -0.01185925 -0.02411922  0.05969685 -0.04783763
  0.02451991 -0.11175476  0.04743684  0.1764733   0.14089567  0.01145844
 -0.02331769  0.15959237 -0.16119541  0.04863912  0.03637915]
index of strong columns [ 4  6  8  9 10 11 13 15 16]

Optimized Bicoloring Matrix using QP Solver and Duplicate Column Removal.: 
 [[ 1. -1. -1. -1.  1.  1. -1. -1. -1.]
 [-1.  1. -1. -1. -1.  1.  1.  1. -1.]
 [-1. -1.  1. -1. -1. -1.  1.  1. -1.]
 [-1. -1.  1.  1. -1.  1. -1.  1.  1.]
 [ 1.  1. -1.  1. -1.  1. -1. -1.  1.]
 [ 1. -1. -1.  1. -1. -1. -1.  1. -1.]
 [-1. -1. -1.  1. -1. -1.  1. -1.  1.]
 [ 1. -1. -1.  1.  1.  1. -1.  1.  1.]
 [ 1. -1. -1.  1.  1. -1.  1. -1. -1.]
 [ 1.  1. -1. -1. -1.  1.  1.  1.  1.]
 [ 1.  1.  1.  1. -1.  1. -1.  1.  1.]
 [-1. -1. -1. -1.  1.  1.  1.  1. -1.]
 [ 1. -1.  1. -1. -1. -1. -1.  1. -1.]
 [ 1.  1. -1.  1. -1. -1.  1. -1. -1.]
 [-1.  1.  1. -1.  1. -1.  1. -1.  1.]]
S =  [0, 6]
Minimum imbalance =  8.0
number of columns in strong matrix =  9




********************************************************************


Example: 190
n =  16
m =  11

Original bicoloring matrix: 
 [[-1.  1. -1.  1.  1. -1. -1. -1. -1. -1. -1.  1.  1. -1.  1.  1.]
 [ 1. -1.  1. -1. -1.  1.  1.  1.  1.  1.  1. -1.  1. -1. -1.  1.]
 [-1.  1. -1. -1. -1.  1.  1.  1.  1. -1. -1.  1.  1.  1. -1.  1.]
 [ 1. -1.  1.  1. -1.  1.  1. -1. -1.  1. -1. -1. -1. -1.  1.  1.]
 [-1. -1. -1.  1. -1. -1.  1. -1.  1. -1. -1.  1.  1.  1.  1.  1.]
 [ 1.  1. -1. -1. -1.  1.  1. -1. -1.  1. -1. -1. -1. -1.  1. -1.]
 [ 1. -1.  1. -1. -1.  1.  1. -1. -1. -1. -1.  1.  1.  1.  1. -1.]
 [ 1. -1.  1.  1. -1. -1.  1. -1.  1.  1.  1. -1.  1.  1. -1.  1.]
 [ 1.  1. -1.  1. -1.  1.  1. -1.  1. -1. -1. -1. -1. -1.  1. -1.]
 [-1.  1. -1.  1. -1. -1.  1. -1. -1.  1.  1.  1.  1.  1.  1.  1.]
 [ 1. -1.  1. -1. -1.  1.  1.  1. -1. -1.  1. -1.  1.  1.  1. -1.]]
S =  [4, 6]
Minimum imbalance =  0.0
number of columns in origianl matrix =  16

Reduced bicoloring matrix after duplicate column elimination: 
 [[-1.  1. -1.  1. -1.  1. -1.  1.  1.  1.  1. -1. -1. -1. -1. -1.]
 [ 1. -1.  1.  1. -1. -1.  1. -1. -1.  1. -1.  1.  1.  1.  1.  1.]
 [-1.  1. -1.  1.  1. -1.  1.  1. -1.  1. -1.  1. -1.  1.  1. -1.]
 [ 1. -1.  1. -1. -1. -1.  1. -1.  1.  1.  1.  1.  1. -1. -1. -1.]
 [-1.  1. -1.  1.  1. -1.  1. -1.  1.  1.  1. -1. -1.  1. -1. -1.]
 [ 1. -1.  1. -1. -1. -1.  1.  1.  1. -1. -1.  1. -1. -1. -1. -1.]
 [-1.  1.  1.  1.  1. -1.  1. -1.  1. -1. -1.  1.  1. -1. -1. -1.]
 [ 1. -1.  1.  1.  1. -1.  1. -1. -1.  1.  1. -1.  1.  1. -1.  1.]
 [-1. -1.  1. -1. -1. -1.  1.  1.  1. -1.  1.  1. -1.  1. -1. -1.]
 [ 1.  1. -1.  1.  1. -1.  1.  1.  1.  1.  1. -1. -1. -1. -1.  1.]
 [-1. -1.  1.  1.  1. -1.  1. -1.  1. -1. -1.  1.  1. -1.  1.  1.]]
S =  [5, 6]
Minimum imbalance =  0.0
number of columns in duplicate matrix =  16
QP solution: x =
[ 0.62681268  0.15433077  0.78229443  0.30247506  0.47363284  0.57423226
 -0.04869577  0.34504916  0.81868197  0.17115774  0.13246825 -0.02574715
  0.04142311  0.4943444   0.63184823 -0.47751749]
index of strong columns [ 0  1  2  3  4  5  7  8  9 10 12 13 14]

Optimized Bicoloring Matrix using QP Solver and Duplicate Column Removal.: 
 [[-1.  1. -1.  1. -1.  1.  1.  1.  1.  1. -1. -1. -1.]
 [ 1. -1.  1.  1. -1. -1. -1. -1.  1. -1.  1.  1.  1.]
 [-1.  1. -1.  1.  1. -1.  1. -1.  1. -1. -1.  1.  1.]
 [ 1. -1.  1. -1. -1. -1. -1.  1.  1.  1.  1. -1. -1.]
 [-1.  1. -1.  1.  1. -1. -1.  1.  1.  1. -1.  1. -1.]
 [ 1. -1.  1. -1. -1. -1.  1.  1. -1. -1. -1. -1. -1.]
 [-1.  1.  1.  1.  1. -1. -1.  1. -1. -1.  1. -1. -1.]
 [ 1. -1.  1.  1.  1. -1. -1. -1.  1.  1.  1.  1. -1.]
 [-1. -1.  1. -1. -1. -1.  1.  1. -1.  1. -1.  1. -1.]
 [ 1.  1. -1.  1.  1. -1.  1.  1.  1.  1. -1. -1. -1.]
 [-1. -1.  1.  1.  1. -1. -1.  1. -1. -1.  1. -1.  1.]]
S =  [1, 2]
Minimum imbalance =  2.0
number of columns in strong matrix =  13




********************************************************************





Example: 306
n =  20
m =  19

Original bicoloring matrix: 
 [[ 1.  1.  1.  1. -1.  1.  1. -1.  1.  1.  1.  1. -1.  1.  1.  1. -1.  1.
   1.  1.]
 [ 1. -1. -1. -1. -1.  1. -1. -1. -1. -1.  1. -1. -1.  1. -1. -1.  1.  1.
  -1.  1.]
 [ 1.  1.  1.  1.  1. -1. -1. -1.  1. -1.  1.  1.  1. -1.  1. -1.  1.  1.
  -1.  1.]
 [-1. -1. -1.  1.  1.  1.  1.  1.  1.  1. -1. -1.  1.  1. -1.  1. -1.  1.
  -1. -1.]
 [ 1.  1.  1. -1. -1.  1.  1. -1.  1.  1. -1. -1.  1. -1.  1. -1.  1. -1.
  -1.  1.]
 [-1.  1. -1. -1.  1.  1. -1.  1.  1. -1.  1. -1.  1.  1.  1. -1. -1.  1.
  -1.  1.]
 [ 1. -1. -1. -1. -1. -1. -1. -1. -1. -1. -1. -1.  1.  1.  1. -1.  1.  1.
  -1.  1.]
 [-1. -1. -1.  1.  1.  1.  1.  1.  1. -1. -1.  1.  1. -1.  1.  1. -1. -1.
   1. -1.]
 [-1. -1. -1.  1. -1. -1. -1.  1.  1.  1.  1.  1.  1.  1.  1. -1. -1.  1.
  -1.  1.]
 [-1. -1.  1.  1. -1. -1.  1. -1.  1.  1. -1.  1. -1. -1.  1. -1. -1. -1.
  -1. -1.]
 [-1. -1. -1. -1. -1. -1. -1.  1.  1. -1.  1. -1.  1. -1. -1. -1.  1. -1.
  -1.  1.]
 [-1.  1. -1. -1. -1.  1. -1.  1. -1. -1.  1. -1. -1.  1.  1. -1. -1. -1.
   1. -1.]
 [ 1.  1. -1. -1. -1.  1.  1. -1.  1. -1. -1.  1. -1.  1. -1.  1.  1.  1.
  -1. -1.]
 [-1.  1. -1. -1.  1.  1. -1.  1.  1. -1. -1.  1. -1. -1.  1.  1.  1. -1.
   1.  1.]
 [ 1.  1. -1. -1.  1. -1. -1.  1.  1. -1. -1.  1.  1. -1.  1. -1.  1. -1.
   1. -1.]
 [-1. -1. -1. -1.  1.  1.  1.  1.  1. -1. -1. -1. -1.  1. -1. -1.  1.  1.
   1.  1.]
 [ 1.  1. -1.  1.  1. -1.  1.  1. -1. -1.  1.  1.  1.  1.  1. -1. -1.  1.
   1. -1.]
 [-1.  1. -1.  1. -1. -1.  1. -1.  1.  1.  1.  1.  1.  1. -1.  1.  1. -1.
  -1.  1.]
 [-1.  1.  1.  1.  1.  1. -1.  1. -1.  1. -1.  1.  1. -1. -1.  1.  1.  1.
   1.  1.]]
S =  [0, 7]
Minimum imbalance =  8.0
number of columns in origianl matrix =  20

Reduced bicoloring matrix after duplicate column elimination: 
 [[ 1.  1.  1.  1. -1. -1.  1.  1.  1.  1.  1.  1.  1.  1. -1.  1.  1.  1.
  -1.  1.]
 [-1. -1. -1. -1.  1. -1. -1. -1.  1. -1. -1. -1.  1.  1. -1.  1. -1.  1.
  -1.  1.]
 [-1.  1.  1. -1.  1.  1.  1.  1. -1.  1. -1. -1.  1.  1.  1.  1.  1.  1.
  -1. -1.]
 [ 1.  1. -1. -1. -1.  1. -1. -1.  1.  1.  1.  1. -1. -1.  1.  1. -1. -1.
   1.  1.]
 [-1.  1. -1. -1.  1.  1.  1.  1.  1. -1.  1.  1.  1.  1. -1. -1.  1. -1.
  -1. -1.]
 [-1.  1. -1. -1. -1.  1. -1.  1.  1. -1. -1. -1. -1.  1.  1.  1.  1.  1.
   1.  1.]
 [-1. -1. -1. -1.  1.  1. -1. -1. -1. -1. -1. -1.  1.  1. -1.  1.  1. -1.
  -1.  1.]
 [ 1.  1.  1.  1. -1.  1. -1. -1.  1.  1. -1.  1. -1. -1.  1. -1.  1. -1.
   1. -1.]
 [-1.  1.  1. -1. -1.  1. -1. -1. -1.  1.  1. -1. -1.  1. -1.  1.  1.  1.
   1.  1.]
 [-1.  1.  1. -1. -1. -1.  1. -1. -1.  1.  1.  1. -1. -1. -1. -1.  1. -1.
  -1. -1.]
 [-1.  1. -1. -1.  1.  1. -1. -1. -1. -1. -1. -1. -1.  1. -1. -1. -1.  1.
   1. -1.]
 [-1. -1. -1.  1. -1. -1. -1.  1.  1. -1. -1. -1. -1. -1. -1. -1.  1.  1.
   1.  1.]
 [ 1.  1.  1. -1.  1. -1. -1.  1.  1. -1. -1.  1.  1. -1. -1.  1. -1. -1.
  -1.  1.]
 [ 1.  1.  1.  1.  1. -1. -1.  1.  1. -1. -1. -1. -1.  1.  1. -1.  1. -1.
   1. -1.]
 [-1.  1.  1.  1.  1.  1. -1.  1. -1. -1. -1. -1.  1. -1.  1. -1.  1. -1.
   1. -1.]
 [-1.  1. -1.  1.  1. -1. -1. -1.  1. -1. -1.  1. -1.  1.  1.  1. -1. -1.
   1.  1.]
 [-1. -1.  1.  1. -1.  1. -1.  1. -1.  1. -1.  1.  1. -1.  1.  1.  1.  1.
   1.  1.]
 [ 1.  1.  1. -1.  1.  1. -1.  1. -1.  1.  1.  1. -1.  1. -1. -1. -1.  1.
  -1.  1.]
 [ 1. -1.  1.  1.  1.  1.  1.  1.  1.  1.  1. -1. -1.  1.  1.  1. -1. -1.
   1. -1.]]
S =  [12, 18]
Minimum imbalance =  8.0
number of columns in duplicate matrix =  20
QP solution: x =
[ 0.00133203 -0.00032984 -0.001042    0.00281158  0.00419612  0.0008855
 -0.00358257 -0.00126545 -0.00024111 -0.00452151  0.00463832  0.00201641
 -0.00442276 -0.00459312  0.00044199  0.0063325   0.00411049  0.0052138
 -0.00406052 -0.00516444]
index of strong columns [ 0  3  4  5 10 11 14 15 16 17]

Optimized Bicoloring Matrix using QP Solver and Duplicate Column Removal.: 
 [[ 1.  1. -1. -1.  1.  1. -1.  1.  1.  1.]
 [-1. -1.  1. -1. -1. -1. -1.  1. -1.  1.]
 [-1. -1.  1.  1. -1. -1.  1.  1.  1.  1.]
 [ 1. -1. -1.  1.  1.  1.  1.  1. -1. -1.]
 [-1. -1.  1.  1.  1.  1. -1. -1.  1. -1.]
 [-1. -1. -1.  1. -1. -1.  1.  1.  1.  1.]
 [-1. -1.  1.  1. -1. -1. -1.  1.  1. -1.]
 [ 1.  1. -1.  1. -1.  1.  1. -1.  1. -1.]
 [-1. -1. -1.  1.  1. -1. -1.  1.  1.  1.]
 [-1. -1. -1. -1.  1.  1. -1. -1.  1. -1.]
 [-1. -1.  1.  1. -1. -1. -1. -1. -1.  1.]
 [-1.  1. -1. -1. -1. -1. -1. -1.  1.  1.]
 [ 1. -1.  1. -1. -1.  1. -1.  1. -1. -1.]
 [ 1.  1.  1. -1. -1. -1.  1. -1.  1. -1.]
 [-1.  1.  1.  1. -1. -1.  1. -1.  1. -1.]
 [-1.  1.  1. -1. -1.  1.  1.  1. -1. -1.]
 [-1.  1. -1.  1. -1.  1.  1.  1.  1.  1.]
 [ 1. -1.  1.  1.  1.  1. -1. -1. -1.  1.]
 [ 1.  1.  1.  1.  1. -1.  1.  1. -1. -1.]]
S =  [0, 8]
Minimum imbalance =  12.0
number of columns in strong matrix =  10
