n = 14   m = 4   k = 19


-1 1 1 -1 -1 1 -1 1 1 -1 -1 -1 1 -1 
-1 -1 -1 1 -1 -1 1 -1 1 -1 -1 1 -1 1 
1 -1 -1 -1 -1 -1 -1 -1 1 -1 -1 -1 1 -1 
1 1 -1 1 1 -1 1 -1 1 1 -1 -1 -1 -1 
BrutForce Method: Imbalance = 2 --------- S = 1 3 



-1 -1 -1 -1 -1 1 -1 -1 -1 -1 -1 1 1 1 
1 -1 1 -1 -1 1 1 1 -1 -1 -1 -1 -1 -1 
1 -1 -1 1 -1 1 1 1 1 1 1 1 1 1 
1 -1 1 1 1 -1 -1 1 -1 1 1 1 -1 -1 
BrutForce Method: Imbalance = 0 --------- S = 5 6 



1 -1 -1 1 -1 1 -1 -1 1 1 1 1 -1 1 
1 -1 1 1 1 1 1 1 1 -1 1 1 1 -1 
1 1 1 1 -1 -1 -1 -1 -1 -1 -1 1 -1 -1 
1 -1 -1 -1 -1 1 -1 -1 1 -1 -1 -1 -1 1 
BrutForce Method: Imbalance = 0 --------- S = 2 6 



-1 -1 -1 -1 -1 -1 1 1 1 1 1 -1 -1 1 
1 -1 1 -1 -1 -1 -1 -1 -1 -1 -1 -1 1 1 
-1 -1 -1 -1 -1 -1 1 -1 1 -1 1 -1 -1 1 
1 1 -1 -1 -1 1 -1 -1 -1 -1 1 -1 -1 -1 
BrutForce Method: Imbalance = 0 --------- S = 1 7 



-1 1 1 1 -1 1 -1 -1 1 -1 -1 1 1 1 
-1 1 1 1 -1 -1 -1 1 -1 1 1 -1 1 -1 
1 1 -1 -1 1 1 1 1 -1 1 -1 -1 -1 1 
-1 -1 -1 1 1 -1 1 1 1 1 1 1 1 1 
BrutForce Method: Imbalance = 0 --------- S = 1 4 



-1 -1 -1 -1 -1 -1 1 1 1 -1 -1 -1 1 1 
1 1 -1 1 -1 1 1 1 1 -1 -1 1 1 1 
1 1 1 1 1 1 -1 -1 -1 1 1 -1 -1 1 
1 -1 1 1 -1 -1 -1 -1 1 1 -1 1 -1 1 
BrutForce Method: Imbalance = 0 --------- S = 3 7 



1 -1 -1 -1 1 -1 1 1 1 1 1 -1 -1 -1 
-1 1 1 -1 -1 -1 1 -1 -1 1 1 1 -1 1 
-1 1 1 1 1 1 -1 1 -1 1 -1 -1 -1 -1 
-1 -1 -1 1 1 -1 -1 -1 -1 1 -1 1 1 -1 
BrutForce Method: Imbalance = 0 --------- S = 4 7 



-1 1 1 -1 -1 -1 1 -1 -1 -1 1 1 1 1 
1 -1 -1 1 1 1 -1 -1 1 -1 -1 1 -1 -1 
-1 1 -1 -1 1 1 1 1 1 1 1 1 -1 1 
-1 -1 1 1 1 1 -1 -1 1 1 -1 1 -1 -1 
BrutForce Method: Imbalance = 0 --------- S = 2 4 



-1 -1 -1 -1 -1 -1 -1 1 -1 1 -1 1 -1 1 
1 1 1 -1 -1 -1 1 1 -1 1 1 1 -1 -1 
-1 1 1 1 1 1 1 1 1 -1 -1 1 1 1 
-1 1 1 1 1 1 -1 -1 -1 1 -1 -1 1 -1 
BrutForce Method: Imbalance = 2 --------- S = 1 4 



-1 -1 -1 -1 1 1 1 1 -1 -1 -1 1 -1 -1 
1 1 -1 -1 1 1 -1 -1 -1 -1 -1 1 1 -1 
-1 -1 -1 -1 1 -1 -1 1 -1 -1 -1 -1 1 -1 
1 -1 1 -1 1 1 -1 -1 -1 1 -1 -1 1 1 
BrutForce Method: Imbalance = 0 --------- S = 4 5 



1 -1 1 -1 1 -1 1 -1 1 1 -1 1 -1 1 
-1 1 -1 -1 1 1 1 1 1 1 -1 -1 -1 -1 
-1 1 -1 -1 1 1 -1 -1 1 1 1 1 1 1 
1 1 -1 1 1 1 -1 1 -1 -1 -1 -1 -1 -1 
BrutForce Method: Imbalance = 0 --------- S = 2 3 



1 1 -1 1 1 -1 1 -1 -1 1 1 1 -1 -1 
-1 -1 1 -1 1 1 1 1 1 1 -1 1 1 1 
1 -1 1 1 -1 1 -1 1 1 -1 1 -1 1 -1 
-1 1 1 -1 -1 1 -1 1 1 -1 -1 1 1 -1 
BrutForce Method: Imbalance = 2 --------- S = 1 3 



-1 -1 1 1 -1 1 -1 -1 1 -1 1 1 1 -1 
-1 1 1 -1 1 -1 -1 -1 1 -1 1 1 -1 -1 
-1 1 -1 1 -1 -1 1 1 1 -1 -1 1 -1 1 
1 -1 1 1 -1 -1 -1 1 -1 1 -1 1 1 1 
BrutForce Method: Imbalance = 0 --------- S = 4 5 



-1 1 -1 -1 -1 1 1 -1 -1 1 1 1 -1 1 
-1 1 -1 1 -1 1 1 1 -1 1 1 1 -1 -1 
1 1 -1 1 1 -1 1 1 -1 -1 -1 1 1 1 
1 1 -1 -1 1 1 -1 -1 -1 1 -1 1 -1 1 
BrutForce Method: Imbalance = 0 --------- S = 2 3 



-1 -1 1 1 -1 -1 1 -1 1 1 -1 -1 1 1 
1 -1 -1 1 1 -1 1 -1 -1 -1 1 1 1 -1 
1 -1 1 1 -1 -1 -1 -1 1 -1 1 1 -1 1 
1 1 -1 -1 1 1 1 1 1 1 -1 -1 1 1 
BrutForce Method: Imbalance = 0 --------- S = 2 4 



1 1 -1 1 1 -1 -1 -1 1 1 1 -1 1 -1 
1 1 -1 -1 1 -1 -1 -1 1 -1 -1 -1 1 -1 
1 1 -1 -1 -1 1 -1 -1 -1 1 -1 1 1 -1 
1 1 -1 1 1 -1 1 1 -1 -1 -1 1 1 -1 
BrutForce Method: Imbalance = 0 --------- S = 1 3 



-1 -1 1 1 -1 -1 -1 -1 1 -1 -1 1 -1 -1 
1 -1 1 1 1 -1 -1 -1 -1 -1 1 -1 -1 1 
-1 -1 -1 1 -1 -1 1 1 -1 1 -1 -1 1 -1 
-1 1 1 1 -1 1 -1 -1 1 -1 1 -1 -1 1 
BrutForce Method: Imbalance = 0 --------- S = 3 7 



1 -1 -1 -1 -1 1 -1 -1 -1 1 1 1 1 -1 
1 -1 1 -1 -1 -1 -1 1 1 1 1 1 -1 1 
-1 -1 -1 1 -1 1 1 -1 -1 1 1 -1 -1 -1 
1 1 1 1 1 -1 1 1 1 1 1 1 -1 -1 
BrutForce Method: Imbalance = 0 --------- S = 3 6 



-1 1 1 1 -1 -1 -1 1 -1 1 -1 -1 -1 -1 
-1 1 1 1 -1 -1 -1 1 -1 -1 1 -1 -1 1 
1 1 1 -1 1 1 -1 -1 -1 -1 1 1 -1 1 
-1 -1 1 -1 1 1 1 1 1 -1 1 1 1 1 
BrutForce Method: Imbalance = 0 --------- S = 4 5 



