n = 35   m = 6   k = 100


1 -1 1 1 -1 1 1 1 1 -1 1 1 1 1 -1 1 1 -1 1 1 -1 1 -1 1 1 -1 -1 1 -1 -1 -1 1 1 -1 1 
1 -1 1 1 -1 1 1 -1 -1 1 -1 -1 -1 -1 -1 -1 -1 -1 -1 1 -1 1 -1 1 1 1 1 1 -1 -1 -1 1 -1 1 1 
-1 -1 1 -1 1 -1 -1 -1 1 -1 -1 -1 -1 -1 1 1 1 1 -1 1 -1 -1 1 1 -1 1 -1 1 -1 1 -1 -1 -1 1 1 
-1 1 -1 -1 -1 1 -1 1 -1 -1 -1 -1 -1 1 -1 1 1 1 1 -1 -1 1 1 1 -1 1 1 1 1 -1 -1 -1 -1 -1 -1 
-1 -1 1 1 1 1 -1 -1 1 -1 1 -1 -1 -1 -1 1 1 -1 -1 1 1 1 1 1 1 1 1 1 1 -1 1 1 -1 -1 1 
1 1 1 -1 1 -1 1 1 1 1 1 1 -1 1 1 -1 -1 -1 -1 -1 1 -1 1 -1 1 -1 -1 1 -1 1 1 1 -1 -1 1 
BrutForce Method: Imbalance = 2 --------- S = 2 3 



1 1 -1 -1 -1 1 -1 1 1 1 1 1 -1 -1 1 1 1 1 -1 -1 -1 1 -1 1 1 -1 -1 -1 -1 -1 -1 1 -1 -1 -1 
1 1 1 1 -1 -1 1 -1 -1 -1 -1 1 -1 -1 1 -1 1 1 -1 -1 1 1 1 -1 1 1 -1 -1 1 -1 1 1 -1 1 -1 
1 -1 -1 -1 1 -1 1 1 -1 -1 1 1 -1 1 -1 -1 1 1 -1 1 -1 1 1 1 -1 -1 1 1 1 1 -1 1 1 -1 -1 
1 1 -1 -1 -1 1 1 -1 -1 1 -1 1 1 1 -1 -1 1 -1 -1 -1 1 1 1 -1 1 -1 -1 -1 -1 1 1 -1 1 1 -1 
1 1 -1 -1 -1 1 -1 -1 -1 -1 -1 1 -1 -1 -1 1 -1 1 1 -1 1 -1 -1 1 -1 -1 1 -1 -1 1 1 1 -1 1 -1 
1 1 1 -1 1 1 1 1 -1 -1 1 1 -1 -1 -1 -1 -1 -1 1 -1 -1 1 1 -1 -1 -1 -1 1 1 -1 1 -1 1 1 1 
BrutForce Method: Imbalance = 2 --------- S = 1 4 



1 1 1 1 1 -1 1 -1 -1 -1 -1 -1 1 -1 -1 1 1 -1 1 -1 -1 -1 1 1 1 1 1 1 -1 1 1 1 1 -1 -1 
-1 -1 -1 -1 -1 -1 -1 -1 -1 1 1 1 -1 1 1 -1 1 1 -1 -1 -1 -1 1 -1 -1 1 -1 -1 -1 -1 1 -1 1 1 -1 
1 -1 -1 -1 -1 -1 1 -1 -1 -1 -1 -1 1 -1 1 -1 1 1 -1 1 1 -1 -1 -1 -1 -1 1 1 -1 1 1 1 1 -1 1 
-1 -1 1 1 1 -1 1 1 1 1 1 -1 -1 1 1 -1 -1 -1 1 -1 1 -1 1 1 -1 -1 1 -1 -1 -1 -1 1 1 -1 -1 
-1 1 1 -1 -1 1 -1 -1 1 -1 -1 1 -1 -1 -1 1 -1 -1 -1 -1 1 1 1 -1 -1 1 -1 1 -1 1 1 1 -1 -1 -1 
-1 1 -1 -1 1 1 1 -1 1 1 -1 -1 -1 -1 -1 -1 1 -1 1 -1 -1 1 1 1 -1 1 1 1 1 -1 -1 -1 -1 1 1 
BrutForce Method: Imbalance = 0 --------- S = 7 12 



-1 -1 -1 -1 1 1 -1 -1 1 -1 1 1 1 -1 1 -1 -1 -1 1 1 1 -1 1 1 -1 -1 1 -1 -1 -1 1 -1 -1 -1 -1 
1 -1 -1 1 -1 1 1 -1 1 1 1 1 1 -1 1 1 -1 -1 1 -1 1 1 1 -1 1 -1 -1 1 -1 -1 1 -1 1 -1 1 
1 -1 -1 1 1 1 -1 -1 1 1 1 -1 -1 -1 -1 1 1 1 -1 1 -1 -1 1 1 -1 1 1 -1 1 -1 -1 -1 -1 -1 -1 
1 -1 1 -1 1 -1 1 -1 1 -1 1 1 1 -1 1 -1 1 1 1 1 -1 1 1 1 1 -1 -1 1 1 -1 -1 -1 1 1 -1 
1 1 1 -1 1 -1 -1 -1 1 -1 1 1 1 1 1 1 -1 -1 -1 -1 1 -1 -1 1 1 1 -1 -1 1 -1 -1 1 1 -1 1 
1 -1 1 1 1 1 -1 -1 1 -1 1 1 1 1 -1 1 -1 -1 -1 -1 -1 1 -1 1 -1 1 1 -1 -1 -1 -1 -1 1 1 1 
BrutForce Method: Imbalance = 0 --------- S = 2 5 6 7 



-1 1 -1 -1 -1 -1 -1 -1 -1 1 1 -1 1 1 1 -1 1 -1 1 1 -1 1 1 1 1 -1 1 -1 1 1 1 -1 1 -1 -1 
-1 1 1 1 -1 1 -1 1 -1 -1 -1 1 1 1 1 -1 1 -1 1 1 -1 -1 -1 1 -1 1 -1 1 -1 1 1 1 1 1 1 
1 1 1 -1 -1 -1 -1 1 -1 1 -1 1 1 1 1 -1 1 1 1 1 -1 1 -1 -1 1 1 1 -1 1 -1 -1 -1 1 -1 1 
1 1 -1 1 1 1 1 1 -1 -1 -1 -1 -1 -1 1 1 1 -1 1 -1 -1 -1 -1 1 -1 -1 1 1 1 1 -1 -1 1 1 -1 
-1 -1 -1 -1 -1 1 1 1 1 1 1 -1 -1 1 -1 1 -1 -1 -1 -1 1 -1 1 -1 -1 1 -1 1 1 1 1 1 -1 -1 -1 
-1 1 -1 -1 1 -1 1 -1 -1 -1 -1 -1 -1 -1 -1 -1 1 1 -1 -1 1 -1 1 1 -1 1 1 1 -1 1 1 1 1 1 1 
BrutForce Method: Imbalance = 0 --------- S = 2 9 



1 -1 -1 1 -1 -1 -1 -1 -1 -1 -1 -1 -1 1 1 1 -1 -1 -1 -1 1 1 -1 1 1 1 -1 1 1 1 1 1 1 -1 1 
1 1 -1 -1 1 1 -1 1 1 1 -1 1 1 1 -1 1 1 1 -1 -1 -1 -1 1 1 1 -1 1 -1 1 -1 1 -1 1 -1 -1 
1 -1 1 1 -1 1 -1 1 -1 -1 -1 1 -1 1 1 1 1 -1 -1 1 1 1 -1 -1 1 -1 1 1 1 1 1 1 1 1 -1 
-1 -1 1 1 1 -1 -1 1 1 1 1 1 1 -1 1 1 1 -1 -1 1 1 1 1 -1 -1 -1 1 1 1 1 1 1 1 1 1 
-1 -1 -1 1 -1 1 1 -1 -1 -1 -1 -1 -1 1 1 -1 -1 1 -1 -1 1 -1 1 1 1 -1 -1 1 1 -1 -1 -1 -1 1 1 
1 1 1 1 -1 1 1 1 -1 1 -1 1 -1 -1 -1 1 -1 1 -1 1 -1 1 1 -1 1 1 1 -1 -1 -1 1 -1 1 -1 -1 
BrutForce Method: Imbalance = 2 --------- S = 2 4 



1 -1 1 1 -1 -1 -1 1 1 -1 1 1 1 1 1 1 1 -1 -1 1 1 -1 -1 -1 -1 -1 1 1 -1 -1 1 1 -1 -1 1 
-1 -1 1 1 1 1 1 1 1 1 -1 1 1 1 1 1 -1 1 -1 1 1 1 1 -1 -1 -1 1 1 1 -1 1 1 -1 -1 -1 
1 1 -1 1 1 1 -1 1 -1 1 -1 -1 -1 1 1 1 -1 1 -1 1 -1 -1 1 1 -1 -1 -1 -1 -1 -1 1 -1 -1 -1 1 
-1 1 -1 1 -1 -1 -1 1 1 1 1 1 1 1 1 1 1 1 1 1 -1 1 1 1 1 -1 -1 -1 1 -1 -1 1 -1 1 -1 
-1 1 1 -1 1 -1 -1 1 1 -1 1 -1 -1 -1 -1 1 1 -1 1 -1 1 -1 1 -1 -1 -1 -1 1 -1 -1 1 -1 -1 1 -1 
1 -1 1 -1 -1 1 1 -1 1 -1 1 1 -1 1 1 -1 1 -1 1 -1 -1 1 1 1 1 1 1 1 1 -1 1 1 1 1 -1 
BrutForce Method: Imbalance = 0 --------- S = 1 2 5 7 11 13 



1 1 1 1 1 1 -1 -1 -1 1 1 1 -1 -1 1 -1 1 -1 1 -1 1 1 1 1 1 1 1 1 -1 1 -1 -1 -1 1 -1 
-1 -1 -1 1 1 -1 1 -1 -1 -1 1 -1 1 1 -1 1 -1 -1 1 -1 -1 -1 1 -1 1 -1 1 1 1 1 -1 1 -1 -1 -1 
1 -1 1 -1 -1 -1 1 1 1 -1 -1 -1 1 -1 1 1 1 -1 -1 -1 -1 -1 1 -1 -1 1 -1 1 1 1 -1 1 1 -1 1 
1 -1 -1 1 1 -1 1 1 1 1 -1 1 1 -1 1 1 -1 1 -1 -1 -1 -1 -1 1 1 -1 1 -1 1 -1 1 -1 -1 1 -1 
1 1 -1 1 -1 1 1 -1 1 1 -1 1 1 1 -1 1 1 -1 -1 1 -1 1 1 -1 1 -1 -1 1 1 1 -1 -1 -1 1 -1 
-1 -1 1 -1 1 -1 1 1 -1 -1 -1 1 -1 1 -1 1 1 1 -1 1 1 1 -1 -1 1 1 -1 -1 1 -1 -1 -1 1 -1 -1 
BrutForce Method: Imbalance = 0 --------- S = 2 7 8 11 



-1 -1 1 -1 1 1 -1 1 1 -1 1 -1 1 -1 -1 -1 -1 -1 1 -1 1 1 1 -1 1 1 1 -1 -1 1 1 1 -1 -1 -1 
-1 -1 1 -1 -1 -1 -1 -1 -1 1 1 -1 1 1 1 1 1 -1 -1 1 -1 1 1 -1 -1 1 -1 -1 -1 -1 -1 1 1 1 -1 
1 -1 -1 -1 -1 -1 -1 1 -1 1 -1 -1 1 -1 -1 1 1 1 1 1 -1 -1 -1 -1 1 1 1 -1 1 -1 1 1 1 -1 -1 
1 1 -1 -1 1 -1 1 -1 1 -1 -1 1 -1 1 -1 -1 1 1 1 1 -1 1 -1 -1 1 1 -1 1 1 -1 1 -1 1 1 1 
-1 1 -1 1 -1 1 1 -1 1 -1 1 -1 1 1 1 -1 1 -1 -1 1 1 1 1 -1 -1 1 -1 -1 -1 1 1 1 -1 1 -1 
1 -1 -1 -1 1 -1 -1 -1 1 -1 1 1 1 -1 -1 1 1 1 1 -1 -1 1 1 -1 1 -1 -1 1 1 -1 1 -1 -1 1 1 
BrutForce Method: Imbalance = 0 --------- S = 9 10 



1 1 -1 1 -1 1 1 1 -1 1 -1 1 -1 1 -1 -1 1 1 1 -1 1 -1 -1 1 -1 1 -1 -1 1 1 -1 -1 -1 1 1 
-1 -1 -1 1 1 1 1 -1 1 -1 1 -1 1 -1 -1 1 -1 1 1 1 1 -1 -1 -1 -1 1 -1 -1 -1 -1 1 -1 1 1 -1 
1 -1 -1 -1 -1 1 1 1 -1 -1 1 1 1 -1 -1 1 1 -1 1 1 -1 1 1 1 -1 -1 1 -1 1 -1 -1 -1 -1 -1 -1 
1 1 1 -1 -1 -1 1 -1 1 -1 -1 -1 1 -1 1 -1 1 -1 1 1 1 -1 1 1 -1 1 -1 1 -1 -1 1 1 1 1 -1 
-1 -1 -1 -1 1 -1 -1 1 1 -1 -1 1 1 -1 -1 -1 -1 1 -1 1 1 1 1 -1 -1 -1 1 1 -1 1 1 -1 -1 1 -1 
1 1 1 -1 1 -1 1 -1 -1 -1 -1 1 1 1 -1 1 -1 -1 1 1 1 -1 1 -1 1 -1 1 -1 -1 1 1 1 -1 1 -1 
BrutForce Method: Imbalance = 0 --------- S = 1 3 5 6 8 9 



1 -1 -1 -1 1 1 -1 1 -1 -1 -1 -1 1 -1 -1 -1 1 -1 -1 1 1 -1 1 1 1 -1 -1 1 1 1 1 1 -1 1 -1 
1 1 -1 -1 1 1 1 1 -1 -1 1 1 1 1 1 -1 -1 1 1 -1 1 -1 -1 1 1 -1 -1 -1 -1 1 -1 1 -1 1 1 
1 1 1 1 -1 1 1 1 -1 1 1 1 1 1 -1 1 1 1 1 1 1 -1 -1 -1 1 -1 -1 -1 -1 1 -1 1 1 -1 1 
1 -1 -1 1 1 -1 1 -1 1 -1 -1 -1 -1 -1 -1 1 1 -1 1 -1 -1 -1 -1 1 -1 -1 1 -1 1 1 -1 -1 -1 -1 -1 
1 -1 -1 1 -1 -1 -1 -1 1 -1 1 -1 1 -1 -1 -1 -1 -1 1 -1 1 1 1 -1 -1 1 1 1 1 1 -1 -1 -1 -1 1 
1 -1 1 -1 1 -1 1 -1 -1 -1 -1 1 1 -1 -1 -1 1 1 1 -1 1 1 1 1 1 -1 -1 -1 1 -1 1 -1 -1 1 1 
BrutForce Method: Imbalance = 0 --------- S = 5 9 10 13 



-1 1 -1 1 1 1 1 -1 -1 -1 -1 -1 -1 1 -1 -1 1 1 1 1 1 -1 -1 1 -1 1 1 1 1 -1 -1 1 1 -1 1 
-1 -1 -1 1 -1 1 -1 -1 -1 -1 -1 -1 1 1 -1 -1 -1 -1 1 1 -1 1 1 -1 1 1 -1 1 1 -1 1 1 -1 1 1 
-1 1 1 1 1 -1 -1 -1 -1 1 1 1 -1 -1 -1 1 1 -1 -1 1 1 1 1 -1 -1 1 -1 1 1 -1 -1 1 -1 -1 1 
-1 1 -1 -1 -1 -1 -1 -1 -1 -1 -1 1 1 -1 -1 -1 -1 -1 -1 1 -1 1 -1 1 -1 -1 -1 -1 -1 1 -1 -1 1 1 -1 
-1 -1 1 1 -1 -1 -1 1 1 1 -1 1 -1 1 -1 -1 1 -1 1 1 -1 1 1 -1 1 -1 1 -1 -1 1 1 -1 -1 -1 -1 
1 1 1 1 1 -1 -1 -1 1 1 1 1 1 -1 1 -1 -1 1 -1 -1 -1 -1 -1 1 -1 1 1 -1 1 1 1 1 1 1 1 
BrutForce Method: Imbalance = 0 --------- S = 6 12 



1 1 -1 -1 -1 1 -1 1 -1 -1 -1 -1 -1 1 1 1 -1 -1 -1 1 -1 -1 -1 -1 -1 1 -1 -1 -1 -1 -1 -1 -1 1 1 
1 1 -1 -1 1 1 1 1 -1 1 1 -1 -1 -1 1 -1 1 1 -1 1 1 1 1 1 1 -1 1 1 -1 -1 1 -1 1 -1 1 
1 -1 1 -1 1 1 -1 -1 1 -1 1 1 1 1 1 1 -1 1 1 -1 -1 1 1 -1 -1 1 -1 1 -1 1 1 1 -1 -1 -1 
-1 1 1 -1 1 1 1 -1 1 -1 1 1 -1 1 1 -1 -1 1 1 1 1 1 -1 -1 -1 -1 1 -1 -1 -1 -1 -1 -1 -1 1 
1 -1 -1 1 -1 1 -1 1 -1 1 -1 1 -1 1 1 1 1 -1 1 -1 1 -1 1 1 -1 -1 -1 -1 1 -1 1 1 1 1 1 
1 -1 -1 -1 -1 -1 -1 1 1 -1 1 1 1 -1 1 1 -1 -1 1 -1 1 1 1 1 -1 -1 1 -1 1 -1 -1 1 -1 -1 1 
BrutForce Method: Imbalance = 0 --------- S = 3 8 



-1 -1 1 1 -1 1 -1 1 -1 1 1 1 1 -1 1 -1 1 1 1 1 -1 1 1 -1 -1 1 -1 1 -1 1 1 -1 1 1 -1 
1 -1 -1 1 -1 1 -1 -1 -1 -1 1 1 1 1 -1 -1 1 1 -1 1 1 -1 1 1 1 1 1 -1 -1 1 1 1 -1 -1 -1 
1 1 1 1 1 -1 -1 -1 -1 -1 -1 1 1 1 1 1 -1 1 1 -1 1 -1 -1 -1 1 -1 -1 1 1 -1 -1 -1 1 1 1 
-1 -1 1 1 -1 -1 1 1 -1 1 -1 1 -1 1 1 -1 -1 1 -1 1 -1 1 -1 1 1 1 1 -1 -1 -1 -1 -1 1 1 1 
1 1 -1 -1 1 -1 1 1 1 -1 -1 1 -1 1 -1 1 -1 1 1 -1 -1 1 -1 1 1 1 -1 -1 1 1 -1 -1 -1 -1 1 
1 1 -1 1 1 -1 1 -1 -1 1 -1 1 1 -1 1 1 -1 -1 -1 -1 1 -1 -1 -1 -1 1 1 1 -1 1 -1 1 -1 1 -1 
BrutForce Method: Imbalance = 0 --------- S = 1 3 6 7 



-1 1 -1 -1 1 -1 1 -1 1 1 -1 1 -1 -1 -1 -1 1 1 -1 1 1 -1 -1 1 1 1 -1 -1 1 1 1 1 1 1 -1 
1 1 1 1 -1 -1 1 1 -1 -1 1 -1 1 1 -1 -1 1 1 1 -1 1 -1 1 1 -1 1 1 -1 -1 -1 1 1 -1 -1 1 
-1 1 1 1 -1 1 1 1 1 -1 -1 1 1 -1 -1 -1 -1 1 -1 1 1 -1 1 -1 -1 1 1 1 1 -1 1 -1 1 -1 -1 
-1 -1 -1 1 -1 -1 1 -1 -1 1 1 1 1 -1 -1 -1 1 1 1 1 1 1 1 1 -1 -1 -1 1 -1 1 1 -1 1 -1 1 
-1 -1 -1 -1 1 1 -1 -1 -1 -1 1 -1 1 1 1 -1 1 1 -1 -1 1 1 -1 -1 1 1 -1 -1 -1 -1 1 1 -1 -1 1 
-1 -1 1 1 -1 1 1 1 1 -1 -1 -1 -1 1 1 1 1 1 -1 -1 1 -1 -1 -1 1 1 -1 -1 1 1 -1 1 1 1 -1 
BrutForce Method: Imbalance = 0 --------- S = 4 5 



1 -1 -1 -1 1 1 -1 -1 1 1 1 1 1 1 1 -1 -1 1 -1 1 1 1 -1 -1 -1 -1 1 1 -1 -1 1 -1 1 -1 1 
-1 -1 1 -1 1 -1 -1 -1 1 -1 1 1 1 1 -1 -1 1 1 -1 1 1 1 1 -1 -1 1 1 1 -1 -1 1 -1 1 -1 -1 
1 1 -1 1 1 -1 -1 1 -1 1 1 1 -1 1 1 1 1 -1 -1 1 1 -1 -1 -1 -1 1 1 -1 -1 1 1 -1 1 -1 -1 
-1 1 1 -1 -1 1 -1 -1 1 -1 -1 1 -1 1 1 -1 -1 1 -1 -1 1 1 -1 1 1 -1 -1 1 1 1 -1 -1 1 1 1 
-1 1 1 -1 -1 -1 -1 1 1 -1 -1 -1 1 -1 1 1 1 -1 -1 1 -1 1 -1 1 -1 -1 -1 1 -1 1 1 -1 -1 1 1 
1 -1 1 1 -1 -1 1 -1 -1 1 1 1 1 1 1 1 -1 1 -1 1 -1 -1 1 1 1 -1 -1 -1 -1 -1 1 -1 -1 -1 -1 
BrutForce Method: Imbalance = 0 --------- S = 4 9 



-1 1 -1 1 1 1 -1 1 -1 1 1 -1 1 -1 -1 -1 1 -1 1 1 -1 1 -1 1 1 1 -1 -1 -1 1 -1 1 1 -1 -1 
-1 -1 -1 -1 -1 -1 1 1 -1 1 -1 1 -1 -1 1 -1 -1 -1 1 1 -1 -1 1 -1 1 1 -1 1 1 -1 -1 -1 -1 -1 1 
-1 -1 1 -1 -1 -1 -1 -1 -1 -1 1 -1 1 -1 -1 1 -1 -1 1 1 -1 -1 1 1 1 -1 -1 -1 1 -1 -1 1 1 1 1 
-1 -1 -1 -1 1 -1 -1 -1 -1 -1 1 1 1 -1 -1 -1 1 -1 -1 -1 -1 1 -1 -1 1 1 -1 1 1 1 1 -1 -1 1 -1 
1 -1 1 -1 -1 1 -1 1 1 -1 1 -1 -1 -1 1 1 -1 1 1 -1 1 1 -1 1 -1 1 -1 -1 -1 -1 -1 -1 1 -1 -1 
-1 -1 1 -1 -1 1 1 -1 1 1 1 1 -1 -1 -1 1 1 1 1 -1 1 -1 -1 -1 1 -1 -1 -1 1 1 1 -1 -1 -1 -1 
BrutForce Method: Imbalance = 0 --------- S = 3 8 12 13 



1 1 1 1 1 1 1 -1 1 -1 -1 1 -1 1 1 1 1 1 -1 -1 1 1 -1 1 -1 1 -1 1 1 -1 -1 1 -1 1 1 
-1 -1 1 1 1 -1 1 1 -1 1 -1 1 1 1 1 -1 1 -1 -1 -1 1 1 1 -1 -1 -1 -1 1 -1 -1 1 -1 1 1 -1 
1 -1 1 1 1 1 -1 -1 1 1 -1 -1 -1 -1 1 1 -1 1 -1 1 -1 -1 1 -1 -1 -1 -1 -1 -1 -1 1 1 -1 1 -1 
1 -1 -1 -1 -1 1 1 1 -1 1 -1 -1 1 1 1 1 1 -1 1 -1 -1 1 -1 1 -1 -1 1 -1 1 -1 -1 1 -1 1 -1 
-1 1 -1 -1 -1 -1 -1 1 -1 1 1 -1 -1 1 -1 1 1 1 1 1 1 -1 -1 1 -1 -1 -1 1 -1 -1 1 -1 1 -1 -1 
-1 -1 -1 -1 1 1 -1 1 1 1 -1 1 1 -1 1 1 1 1 -1 1 1 -1 -1 -1 1 1 -1 1 -1 1 -1 1 1 1 -1 
BrutForce Method: Imbalance = 0 --------- S = 1 5 8 11 



-1 1 -1 -1 1 -1 -1 1 -1 -1 -1 -1 1 -1 -1 1 -1 1 -1 -1 1 1 1 1 -1 1 -1 -1 1 -1 -1 1 1 -1 1 
1 -1 -1 -1 -1 -1 -1 -1 -1 1 -1 1 -1 1 1 -1 -1 1 -1 1 -1 -1 1 -1 -1 1 -1 1 1 -1 -1 1 -1 1 -1 
-1 1 1 -1 -1 -1 1 -1 1 -1 -1 -1 1 1 -1 1 -1 -1 1 -1 1 -1 1 -1 1 -1 1 -1 -1 1 1 1 1 1 1 
1 1 1 -1 1 -1 -1 1 1 -1 1 -1 -1 1 -1 -1 -1 -1 -1 1 1 1 1 -1 1 1 -1 -1 1 1 1 1 1 1 1 
-1 -1 1 -1 1 -1 1 1 1 1 1 1 -1 -1 -1 1 -1 -1 1 -1 1 1 -1 -1 -1 -1 1 1 -1 -1 1 1 -1 -1 -1 
-1 -1 1 1 1 1 1 -1 1 1 -1 -1 1 1 -1 -1 -1 1 1 1 1 1 -1 1 1 -1 -1 1 -1 -1 -1 -1 -1 -1 1 
BrutForce Method: Imbalance = 0 --------- S = 2 10 



1 1 -1 1 1 -1 1 1 -1 1 -1 1 1 -1 -1 1 -1 1 -1 1 1 1 -1 -1 1 -1 -1 -1 -1 1 -1 -1 -1 -1 -1 
1 -1 1 -1 1 1 1 1 1 1 -1 1 1 -1 1 1 -1 1 -1 -1 -1 -1 -1 -1 -1 1 -1 -1 1 -1 -1 1 1 1 1 
1 1 -1 1 1 1 1 -1 1 -1 1 -1 1 -1 1 1 1 -1 -1 -1 1 1 1 -1 -1 1 -1 -1 1 -1 1 1 1 -1 -1 
-1 1 -1 -1 1 -1 -1 -1 -1 1 1 1 1 1 1 1 1 -1 -1 1 -1 -1 -1 1 -1 1 1 1 1 -1 -1 1 1 -1 -1 
-1 1 -1 -1 -1 -1 1 1 1 -1 1 -1 -1 -1 1 1 -1 1 -1 1 -1 1 1 -1 -1 1 1 -1 1 -1 1 -1 -1 1 -1 
-1 1 1 1 1 1 -1 1 -1 1 1 -1 1 1 -1 1 -1 1 -1 1 1 -1 1 1 -1 -1 1 -1 1 -1 -1 -1 1 1 1 
BrutForce Method: Imbalance = 2 --------- S = 2 3 



-1 1 -1 1 1 -1 -1 -1 -1 -1 1 -1 -1 -1 1 -1 1 -1 -1 -1 -1 1 1 -1 -1 1 1 1 -1 1 1 1 1 1 1 
-1 -1 -1 -1 -1 -1 1 -1 -1 1 -1 1 1 -1 1 -1 1 -1 1 -1 -1 1 -1 1 1 -1 1 -1 1 -1 1 1 -1 1 1 
1 1 -1 -1 1 -1 -1 1 -1 1 1 1 -1 -1 1 -1 1 -1 -1 -1 1 -1 1 -1 1 1 -1 -1 1 1 1 -1 1 1 1 
1 1 1 1 1 -1 1 1 -1 -1 -1 1 -1 -1 -1 1 1 -1 -1 -1 1 -1 -1 -1 1 1 -1 -1 -1 1 -1 -1 1 1 1 
-1 -1 1 -1 1 1 -1 1 1 -1 -1 -1 -1 -1 1 -1 1 1 1 -1 -1 -1 1 -1 1 1 1 -1 -1 1 -1 -1 -1 -1 -1 
1 1 -1 -1 1 1 1 1 1 -1 1 -1 -1 -1 1 1 -1 1 1 1 1 -1 -1 1 1 1 -1 1 -1 1 -1 -1 -1 1 1 
BrutForce Method: Imbalance = 0 --------- S = 5 13 



1 1 -1 1 1 -1 -1 -1 1 -1 -1 -1 1 1 -1 -1 1 -1 1 1 1 1 1 1 -1 1 1 -1 -1 1 -1 1 -1 -1 -1 
-1 1 1 1 1 1 1 -1 -1 1 1 1 -1 1 1 -1 -1 -1 1 1 -1 1 -1 -1 -1 -1 1 -1 1 1 -1 -1 1 1 -1 
1 -1 1 1 -1 -1 1 1 -1 1 -1 1 -1 1 1 1 1 1 1 -1 1 1 1 -1 -1 -1 -1 1 -1 1 -1 1 -1 1 -1 
-1 -1 1 -1 1 -1 1 1 1 1 1 -1 1 -1 1 -1 -1 1 -1 -1 -1 1 -1 -1 -1 -1 1 1 -1 -1 1 1 1 1 -1 
1 1 1 -1 1 -1 -1 1 -1 -1 -1 -1 1 1 1 -1 -1 -1 -1 1 1 -1 1 1 1 1 -1 -1 -1 1 1 -1 -1 -1 1 
-1 1 1 1 1 -1 -1 1 1 1 1 -1 1 -1 -1 1 -1 -1 -1 1 1 -1 1 1 1 -1 -1 -1 -1 -1 1 -1 1 1 1 
BrutForce Method: Imbalance = 0 --------- S = 1 3 6 9 



-1 -1 -1 1 1 -1 -1 1 1 -1 1 -1 1 -1 1 -1 1 1 1 -1 -1 1 -1 1 1 -1 1 -1 -1 1 -1 -1 -1 1 1 
1 1 -1 1 -1 1 1 1 1 1 -1 -1 -1 -1 1 1 1 -1 -1 1 -1 -1 1 1 -1 -1 1 1 -1 -1 -1 -1 -1 1 1 
-1 1 1 1 1 -1 1 -1 1 1 1 1 1 -1 1 -1 1 1 1 -1 -1 1 -1 1 1 1 -1 1 1 -1 -1 1 -1 1 -1 
-1 -1 1 1 1 -1 1 -1 -1 -1 1 1 1 1 -1 1 1 -1 -1 1 1 -1 -1 1 -1 -1 1 1 -1 -1 -1 1 1 -1 1 
1 -1 1 1 -1 1 1 1 -1 -1 -1 1 1 -1 1 -1 -1 -1 -1 -1 1 1 -1 -1 1 1 -1 -1 1 1 -1 -1 -1 1 1 
1 -1 1 -1 1 -1 1 -1 1 1 1 -1 1 1 -1 -1 -1 -1 -1 -1 -1 -1 1 -1 1 1 -1 -1 -1 1 -1 -1 1 -1 -1 
BrutForce Method: Imbalance = 0 --------- S = 5 6 



-1 -1 -1 1 -1 -1 -1 -1 1 -1 1 1 1 -1 -1 -1 -1 -1 -1 -1 1 -1 1 1 1 1 1 -1 -1 -1 1 -1 -1 1 -1 
1 -1 -1 1 1 -1 1 -1 1 1 -1 1 1 1 -1 -1 -1 -1 1 -1 1 -1 -1 -1 -1 -1 1 -1 -1 -1 1 1 -1 -1 1 
-1 -1 -1 1 -1 1 -1 1 1 -1 1 -1 1 1 1 1 1 -1 -1 -1 -1 -1 -1 -1 -1 1 -1 1 1 -1 1 -1 1 1 -1 
1 1 1 1 1 1 -1 -1 1 -1 -1 1 -1 -1 -1 -1 1 -1 -1 1 1 1 -1 1 -1 1 1 1 1 1 1 -1 1 -1 1 
1 -1 1 1 -1 -1 1 -1 1 -1 1 -1 -1 -1 -1 -1 -1 1 1 -1 -1 -1 -1 -1 -1 1 -1 -1 -1 1 1 -1 -1 1 -1 
1 1 1 1 -1 -1 -1 -1 1 1 1 1 -1 -1 1 1 -1 -1 1 -1 -1 1 -1 -1 -1 -1 1 -1 1 -1 1 -1 -1 1 -1 
BrutForce Method: Imbalance = 0 --------- S = 5 11 



1 -1 1 1 -1 -1 -1 1 1 -1 1 1 -1 1 1 1 -1 -1 -1 1 1 -1 1 -1 1 1 -1 1 -1 -1 -1 1 -1 -1 -1 
1 -1 1 1 -1 1 1 -1 -1 1 1 -1 1 -1 -1 -1 -1 1 1 -1 -1 1 -1 -1 -1 -1 1 1 1 -1 1 -1 -1 -1 1 
1 -1 1 1 1 -1 -1 -1 1 1 -1 -1 1 1 -1 1 1 1 -1 -1 1 1 1 1 1 1 -1 1 1 1 1 -1 -1 -1 1 
1 -1 1 1 -1 -1 -1 -1 1 1 1 1 -1 -1 -1 1 -1 1 1 -1 1 1 1 1 -1 1 -1 -1 -1 1 1 -1 1 -1 -1 
-1 1 1 -1 -1 -1 1 1 -1 -1 -1 1 -1 1 -1 -1 1 1 -1 -1 1 -1 -1 -1 1 1 1 -1 1 1 -1 -1 1 -1 -1 
1 1 -1 -1 1 1 -1 -1 -1 1 1 1 -1 1 1 -1 1 1 -1 -1 1 -1 1 1 1 -1 -1 -1 1 1 1 1 -1 -1 1 
BrutForce Method: Imbalance = 0 --------- S = 2 4 



1 -1 -1 -1 1 1 1 1 1 -1 1 1 1 1 -1 1 1 -1 -1 1 1 -1 -1 1 1 1 -1 -1 -1 -1 1 1 -1 -1 -1 
-1 1 1 1 1 -1 1 1 -1 1 1 1 1 -1 -1 1 1 -1 -1 1 1 1 -1 1 1 -1 -1 1 -1 -1 -1 1 -1 -1 1 
-1 1 -1 1 -1 -1 1 1 1 1 1 1 1 -1 -1 1 -1 -1 -1 1 -1 -1 1 1 -1 1 1 -1 1 -1 1 -1 1 1 -1 
-1 1 -1 -1 1 -1 1 -1 1 1 1 1 -1 1 1 1 -1 1 1 -1 1 -1 -1 -1 -1 1 1 -1 -1 -1 1 -1 1 -1 -1 
1 1 1 -1 1 -1 1 1 -1 -1 -1 -1 -1 -1 -1 1 -1 1 1 -1 -1 -1 -1 -1 1 1 -1 1 -1 -1 1 1 -1 1 -1 
-1 -1 1 1 1 1 1 1 -1 1 1 1 1 1 -1 -1 -1 1 1 1 1 1 1 1 -1 -1 -1 -1 -1 -1 -1 1 -1 1 -1 
BrutForce Method: Imbalance = 0 --------- S = 2 6 



1 -1 1 1 1 -1 -1 1 1 1 -1 1 1 1 1 1 -1 -1 -1 -1 -1 1 1 1 1 -1 1 -1 1 1 1 1 1 1 1 
1 -1 1 1 -1 -1 -1 1 1 -1 -1 -1 -1 -1 1 1 -1 1 -1 1 -1 1 1 -1 1 1 -1 1 -1 1 -1 1 1 1 -1 
-1 -1 1 1 -1 1 1 -1 -1 -1 1 -1 1 1 1 1 1 -1 -1 -1 -1 -1 -1 1 -1 -1 1 1 1 1 -1 -1 -1 -1 1 
-1 -1 1 -1 1 -1 -1 1 -1 1 -1 1 -1 -1 -1 1 1 1 -1 -1 -1 1 1 1 1 1 -1 1 1 -1 1 -1 -1 -1 -1 
1 -1 1 1 1 -1 -1 -1 -1 -1 1 1 -1 1 -1 -1 -1 -1 1 1 1 1 -1 1 1 1 1 -1 1 -1 1 1 1 1 1 
-1 1 1 -1 -1 -1 1 1 1 1 1 1 1 1 -1 -1 1 -1 -1 -1 -1 -1 -1 -1 -1 1 1 1 -1 -1 -1 1 -1 -1 1 
BrutForce Method: Imbalance = 2 --------- S = 2 3 



1 -1 -1 1 -1 1 -1 1 1 -1 1 1 1 -1 -1 -1 -1 -1 1 -1 -1 1 1 -1 1 1 1 -1 -1 1 1 1 -1 1 -1 
1 1 1 -1 -1 1 -1 1 -1 -1 -1 -1 1 -1 -1 -1 -1 -1 -1 1 -1 1 -1 -1 -1 -1 1 1 -1 1 1 1 1 1 -1 
1 -1 1 1 -1 -1 1 -1 1 -1 1 1 -1 -1 1 1 1 1 -1 1 -1 1 -1 -1 -1 1 -1 1 -1 1 -1 1 1 -1 1 
-1 -1 -1 -1 1 -1 -1 -1 -1 1 -1 1 1 1 1 -1 -1 -1 -1 -1 1 1 -1 1 1 -1 1 -1 1 1 1 1 -1 -1 -1 
1 1 -1 -1 1 -1 1 1 1 1 -1 -1 1 -1 1 1 -1 -1 -1 1 -1 -1 1 -1 -1 1 1 1 1 1 1 1 1 -1 1 
1 -1 1 -1 1 -1 1 1 -1 -1 1 1 1 -1 1 1 1 -1 1 -1 1 1 1 1 -1 1 1 1 -1 1 1 1 1 1 -1 
BrutForce Method: Imbalance = 0 --------- S = 2 12 



-1 1 1 1 -1 -1 1 -1 -1 1 1 -1 1 1 1 1 1 1 1 -1 1 1 -1 1 -1 -1 1 -1 -1 1 -1 -1 1 -1 -1 
1 -1 1 -1 1 -1 1 -1 1 1 1 1 1 -1 -1 -1 1 1 1 1 -1 -1 1 1 1 1 1 1 -1 -1 1 1 -1 1 -1 
-1 -1 1 1 1 1 -1 1 -1 1 1 1 1 1 -1 -1 -1 1 1 1 1 1 1 -1 -1 1 1 -1 1 -1 1 -1 -1 1 1 
-1 1 1 1 -1 -1 1 1 1 1 1 1 -1 1 1 -1 1 1 -1 -1 1 1 1 -1 -1 1 -1 1 1 -1 1 1 1 -1 -1 
1 1 -1 1 1 1 -1 1 -1 -1 -1 1 1 1 1 1 -1 1 1 -1 1 -1 -1 -1 -1 1 -1 1 1 -1 -1 1 1 1 -1 
-1 1 -1 -1 -1 -1 1 1 1 1 -1 1 -1 -1 1 -1 1 -1 -1 -1 -1 1 -1 -1 1 -1 -1 1 1 -1 -1 1 1 1 1 
BrutForce Method: Imbalance = 0 --------- S = 6 7 



1 1 -1 1 -1 1 1 1 1 -1 1 -1 1 -1 1 1 -1 1 1 1 -1 -1 1 -1 1 -1 1 -1 -1 1 1 1 1 -1 1 
1 -1 1 1 1 -1 1 1 -1 1 -1 -1 -1 1 -1 -1 -1 1 -1 -1 1 1 -1 1 1 1 1 1 1 -1 -1 1 1 -1 -1 
1 -1 -1 -1 -1 -1 -1 1 1 1 1 1 1 -1 1 1 1 -1 -1 1 1 -1 1 -1 -1 1 -1 -1 -1 1 -1 -1 1 -1 -1 
1 -1 1 1 -1 1 -1 -1 1 -1 1 1 1 1 1 1 1 -1 1 -1 -1 1 1 -1 -1 1 1 -1 -1 1 -1 1 -1 1 1 
1 1 1 1 -1 1 1 -1 1 1 1 1 1 1 1 1 -1 -1 -1 -1 1 1 -1 -1 -1 1 1 -1 -1 -1 1 -1 -1 1 -1 
-1 -1 1 1 1 -1 -1 -1 -1 1 1 1 -1 1 1 1 -1 1 1 -1 -1 -1 1 1 -1 1 1 1 -1 1 1 1 1 -1 1 
BrutForce Method: Imbalance = 0 --------- S = 5 9 



-1 -1 1 -1 -1 1 1 -1 -1 -1 -1 1 1 -1 -1 1 -1 1 1 1 1 -1 1 1 1 -1 -1 -1 -1 -1 -1 1 -1 1 1 
-1 1 1 -1 -1 1 -1 -1 1 -1 1 -1 1 1 1 1 -1 -1 -1 -1 1 1 1 -1 -1 1 -1 1 1 1 1 1 -1 -1 -1 
1 1 -1 -1 1 -1 -1 -1 -1 1 -1 -1 -1 1 -1 -1 1 1 1 -1 1 1 -1 -1 1 1 -1 1 1 1 -1 -1 -1 1 -1 
1 1 -1 1 -1 -1 -1 -1 1 -1 -1 -1 -1 1 -1 1 -1 -1 1 1 -1 1 -1 -1 1 -1 -1 -1 -1 -1 1 1 1 1 1 
-1 -1 1 1 1 1 1 -1 1 1 1 -1 1 -1 1 -1 -1 -1 1 1 1 1 -1 1 1 1 -1 1 -1 -1 -1 1 1 1 1 
-1 -1 1 -1 -1 -1 1 1 1 -1 -1 -1 1 -1 -1 1 -1 1 -1 1 -1 -1 -1 -1 -1 -1 1 1 1 1 -1 1 1 1 -1 
BrutForce Method: Imbalance = 0 --------- S = 1 3 



1 1 -1 1 1 1 -1 -1 -1 1 1 -1 1 -1 -1 1 1 -1 1 -1 1 1 1 1 1 -1 1 -1 -1 1 -1 -1 -1 -1 -1 
1 -1 1 1 -1 -1 -1 1 1 -1 -1 -1 -1 1 1 1 1 1 -1 -1 1 -1 1 -1 1 -1 1 1 -1 1 1 -1 -1 -1 -1 
-1 1 -1 -1 -1 -1 1 -1 1 1 1 -1 -1 1 1 1 1 -1 1 -1 1 -1 1 1 -1 -1 -1 1 1 -1 -1 -1 -1 1 1 
-1 1 1 -1 1 -1 -1 1 1 1 -1 -1 -1 1 -1 1 -1 -1 -1 -1 -1 -1 -1 -1 -1 1 1 -1 1 -1 -1 1 -1 1 -1 
1 -1 1 1 -1 -1 -1 1 -1 1 1 -1 -1 -1 -1 -1 -1 1 -1 1 1 -1 1 -1 1 1 1 1 1 -1 1 1 -1 -1 1 
1 1 1 1 -1 -1 -1 1 -1 -1 1 1 1 1 1 -1 -1 -1 1 1 1 1 -1 -1 1 1 -1 1 1 -1 1 1 -1 -1 -1 
BrutForce Method: Imbalance = 0 --------- S = 3 6 9 11 



-1 -1 1 1 1 1 -1 1 1 1 1 -1 -1 1 1 1 -1 1 1 1 -1 -1 -1 -1 -1 -1 -1 1 1 1 -1 -1 1 1 -1 
1 1 -1 1 -1 1 1 1 1 1 -1 -1 -1 1 1 1 -1 -1 1 -1 1 -1 1 -1 1 1 -1 -1 -1 -1 -1 -1 -1 1 -1 
-1 1 1 -1 1 -1 1 1 -1 -1 -1 1 1 1 1 -1 -1 1 1 -1 -1 -1 -1 -1 -1 -1 -1 -1 1 -1 1 1 -1 1 -1 
1 -1 1 1 -1 -1 -1 -1 -1 1 -1 1 -1 1 1 -1 1 1 1 -1 -1 1 -1 -1 1 1 1 1 1 -1 -1 1 1 -1 -1 
1 -1 1 -1 1 -1 -1 -1 1 1 -1 1 1 -1 -1 1 1 1 1 -1 -1 1 -1 -1 1 -1 -1 -1 1 -1 1 -1 -1 -1 -1 
-1 1 1 -1 1 -1 -1 1 1 -1 1 1 1 -1 1 1 -1 1 1 1 1 -1 1 -1 1 -1 -1 -1 1 1 1 1 -1 1 1 
BrutForce Method: Imbalance = 0 --------- S = 1 3 7 11 



-1 1 1 -1 1 1 -1 1 -1 -1 -1 1 -1 -1 1 -1 1 -1 -1 1 -1 -1 -1 1 1 -1 1 -1 1 1 1 -1 1 1 1 
1 1 -1 -1 1 -1 1 -1 -1 1 -1 1 1 1 -1 -1 -1 -1 1 1 -1 -1 -1 1 -1 1 1 1 -1 1 -1 -1 1 -1 1 
1 -1 -1 1 -1 1 -1 -1 1 1 -1 -1 1 1 -1 -1 -1 -1 -1 -1 1 -1 1 1 -1 1 -1 -1 1 -1 -1 1 1 1 -1 
1 1 1 -1 -1 -1 1 -1 -1 1 1 1 -1 -1 1 1 -1 1 1 1 1 -1 -1 1 1 1 1 1 1 1 1 -1 -1 1 -1 
-1 -1 1 1 1 1 -1 1 -1 1 -1 1 1 1 1 1 1 1 -1 -1 1 1 -1 -1 -1 1 -1 1 1 1 1 -1 1 -1 1 
-1 -1 -1 -1 -1 -1 1 1 -1 -1 -1 -1 -1 1 -1 1 1 1 1 1 1 1 1 -1 -1 -1 -1 1 -1 1 -1 -1 1 -1 1 
BrutForce Method: Imbalance = 0 --------- S = 6 7 



-1 -1 -1 1 -1 1 1 -1 -1 1 1 -1 -1 -1 1 -1 -1 1 1 1 -1 -1 1 1 -1 -1 -1 -1 -1 1 -1 1 -1 -1 -1 
-1 -1 1 -1 -1 1 1 -1 -1 -1 1 -1 1 1 1 -1 1 1 -1 -1 1 -1 1 1 1 1 -1 -1 -1 1 1 1 1 -1 -1 
1 -1 -1 -1 -1 1 1 1 -1 -1 1 1 1 -1 1 -1 1 -1 1 -1 1 -1 -1 1 -1 1 -1 1 1 1 -1 1 1 1 1 
-1 1 -1 -1 -1 1 1 -1 1 -1 1 1 -1 1 -1 -1 1 -1 -1 -1 1 1 -1 -1 1 1 -1 1 -1 -1 -1 1 1 -1 1 
1 1 -1 1 1 -1 -1 1 -1 -1 -1 1 -1 1 1 -1 -1 1 1 1 -1 1 1 1 -1 1 1 -1 1 1 1 -1 1 -1 -1 
-1 -1 -1 -1 1 1 -1 -1 -1 1 1 1 1 1 -1 -1 1 -1 1 1 1 1 -1 -1 -1 1 -1 -1 -1 -1 1 -1 1 1 -1 
BrutForce Method: Imbalance = 0 --------- S = 5 7 



1 1 -1 -1 -1 1 1 1 1 -1 -1 1 1 -1 -1 1 1 1 -1 -1 1 1 -1 1 1 1 1 -1 1 1 -1 -1 1 -1 1 
-1 1 1 -1 1 1 -1 1 -1 1 -1 1 1 1 -1 1 -1 1 -1 -1 -1 1 1 1 1 1 -1 -1 -1 -1 1 -1 -1 1 1 
-1 1 -1 1 1 1 1 -1 -1 -1 -1 -1 -1 -1 -1 1 -1 1 1 1 -1 -1 1 1 -1 -1 1 -1 1 1 1 -1 -1 -1 1 
1 1 -1 -1 1 -1 1 1 -1 -1 -1 -1 -1 1 -1 -1 -1 1 1 1 -1 -1 -1 1 -1 1 -1 -1 -1 -1 1 -1 1 -1 1 
-1 1 -1 1 1 1 1 1 -1 -1 -1 -1 1 -1 1 1 1 1 1 -1 -1 1 1 -1 -1 1 1 -1 1 1 -1 -1 -1 1 -1 
1 1 1 1 1 1 1 1 -1 -1 -1 -1 1 -1 1 1 -1 1 1 1 1 1 1 -1 -1 1 -1 1 1 -1 1 1 1 -1 1 
BrutForce Method: Imbalance = 0 --------- S = 5 9 



1 1 1 1 1 1 -1 -1 1 1 -1 -1 1 -1 -1 1 -1 1 1 1 1 1 1 1 1 -1 1 1 1 1 -1 -1 1 -1 -1 
-1 -1 1 1 1 -1 1 1 -1 -1 1 -1 -1 -1 -1 -1 1 1 -1 -1 1 1 -1 -1 1 1 1 -1 -1 -1 -1 1 -1 -1 1 
-1 1 -1 1 1 1 1 1 -1 -1 1 1 -1 -1 1 -1 -1 1 -1 -1 1 -1 -1 -1 -1 1 -1 -1 -1 -1 -1 -1 -1 -1 1 
1 -1 1 1 1 -1 1 -1 -1 -1 -1 1 -1 -1 -1 -1 -1 -1 -1 1 1 1 1 -1 -1 1 -1 1 -1 1 1 1 1 1 -1 
1 -1 1 1 -1 -1 1 -1 1 -1 -1 -1 -1 -1 1 -1 1 -1 -1 1 1 -1 -1 -1 1 -1 1 1 -1 -1 -1 1 1 1 1 
1 -1 1 1 1 -1 1 1 1 1 1 1 1 1 -1 1 1 -1 1 -1 -1 -1 -1 1 1 -1 -1 -1 1 1 -1 -1 -1 1 -1 
BrutForce Method: Imbalance = 2 --------- S = 2 3 



1 1 -1 1 1 -1 1 1 1 -1 1 -1 1 1 -1 -1 1 1 -1 -1 -1 1 -1 -1 -1 -1 -1 1 -1 1 -1 -1 -1 1 -1 
-1 1 -1 -1 -1 1 1 1 -1 -1 -1 1 -1 -1 -1 -1 -1 1 -1 1 -1 -1 -1 -1 1 -1 1 -1 1 1 1 -1 1 1 -1 
1 -1 -1 1 1 -1 1 -1 -1 1 -1 -1 1 -1 1 -1 1 1 -1 -1 1 -1 -1 -1 1 -1 -1 1 1 1 1 -1 1 1 -1 
-1 -1 1 -1 1 -1 -1 -1 1 -1 1 1 -1 -1 -1 1 -1 1 -1 1 1 1 1 1 1 1 -1 -1 1 -1 -1 -1 1 -1 -1 
1 -1 1 1 1 -1 -1 -1 -1 -1 1 -1 -1 -1 1 -1 -1 1 -1 1 -1 -1 -1 1 -1 -1 -1 1 1 1 1 -1 -1 1 1 
1 -1 1 1 -1 -1 -1 -1 1 1 -1 -1 1 -1 1 1 1 1 -1 1 1 -1 -1 1 -1 -1 1 -1 -1 -1 1 1 1 -1 1 
BrutForce Method: Imbalance = 0 --------- S = 3 7 



-1 -1 -1 -1 -1 1 1 -1 1 -1 -1 -1 -1 1 1 1 -1 -1 1 -1 -1 1 1 -1 1 1 1 -1 -1 -1 -1 -1 1 -1 1 
-1 -1 1 1 -1 1 1 -1 -1 -1 -1 -1 1 -1 -1 1 -1 -1 1 1 -1 1 -1 1 1 -1 1 -1 -1 -1 -1 1 -1 -1 1 
1 1 1 1 -1 1 1 1 -1 -1 1 -1 -1 -1 -1 1 -1 1 -1 1 1 -1 -1 -1 -1 -1 -1 1 1 -1 -1 -1 -1 -1 -1 
-1 -1 -1 -1 -1 -1 -1 -1 1 -1 1 -1 -1 1 1 1 -1 1 1 1 1 -1 -1 -1 -1 1 -1 -1 -1 1 1 -1 1 -1 -1 
1 1 -1 -1 1 1 -1 1 -1 1 -1 -1 -1 -1 1 -1 1 -1 -1 -1 -1 -1 -1 -1 1 -1 -1 -1 -1 1 1 -1 1 -1 1 
-1 1 -1 1 1 -1 1 -1 -1 -1 -1 -1 -1 1 -1 1 1 1 1 -1 1 -1 -1 1 1 1 -1 1 1 -1 -1 1 1 -1 -1 
BrutForce Method: Imbalance = 2 --------- S = 2 9 



1 1 -1 -1 -1 -1 -1 -1 -1 1 -1 1 1 1 -1 1 1 1 1 -1 -1 -1 -1 1 1 -1 1 -1 -1 -1 -1 -1 -1 -1 -1 
-1 -1 1 1 1 1 1 -1 -1 1 1 -1 -1 -1 -1 -1 1 -1 1 -1 -1 1 1 -1 1 1 1 1 -1 1 -1 -1 -1 1 -1 
1 1 -1 -1 -1 1 -1 1 -1 1 1 -1 -1 1 1 -1 1 1 -1 -1 1 -1 1 -1 -1 -1 1 -1 1 -1 -1 1 -1 1 1 
-1 1 -1 -1 -1 -1 -1 -1 1 1 -1 1 1 -1 -1 -1 1 -1 -1 1 -1 1 1 -1 1 -1 1 1 1 -1 1 -1 1 -1 1 
1 1 -1 1 -1 -1 -1 1 1 1 -1 -1 -1 -1 -1 -1 1 -1 1 -1 -1 1 1 -1 -1 1 1 1 1 1 -1 -1 1 1 1 
1 -1 1 1 1 1 1 1 1 -1 1 -1 -1 1 -1 -1 -1 -1 -1 1 -1 1 1 1 1 -1 1 1 -1 1 -1 -1 1 1 -1 
BrutForce Method: Imbalance = 0 --------- S = 2 3 



-1 1 1 -1 1 -1 -1 -1 1 -1 1 1 -1 -1 -1 -1 1 1 -1 1 -1 1 -1 1 1 -1 -1 1 1 1 -1 -1 -1 -1 1 
-1 1 -1 -1 1 1 1 1 -1 -1 1 1 1 1 1 -1 -1 1 -1 1 1 -1 -1 -1 -1 -1 -1 -1 1 1 1 1 1 1 -1 
1 1 -1 1 -1 1 -1 1 -1 -1 1 1 1 -1 1 1 1 -1 -1 1 1 -1 -1 -1 1 -1 -1 1 1 1 -1 1 1 1 -1 
1 1 1 1 -1 -1 -1 1 -1 1 -1 1 1 -1 -1 -1 1 -1 1 1 -1 1 -1 -1 -1 1 1 1 1 -1 -1 -1 -1 -1 1 
-1 1 -1 -1 1 1 -1 1 -1 -1 1 -1 -1 -1 -1 1 -1 -1 1 -1 -1 1 -1 1 1 1 1 -1 -1 1 -1 -1 -1 1 1 
-1 1 1 1 -1 -1 -1 1 -1 -1 -1 1 1 1 1 -1 -1 1 -1 1 1 -1 -1 1 1 -1 -1 1 1 -1 1 -1 -1 -1 1 
BrutForce Method: Imbalance = 0 --------- S = 4 5 



-1 -1 -1 1 -1 -1 -1 -1 -1 -1 1 1 1 -1 1 1 1 -1 -1 -1 1 -1 1 1 -1 -1 -1 1 -1 -1 1 1 -1 -1 -1 
1 -1 -1 1 -1 1 1 -1 -1 -1 -1 -1 1 -1 1 -1 1 -1 -1 1 1 -1 1 1 1 -1 1 1 -1 -1 -1 1 -1 -1 -1 
1 1 -1 -1 1 -1 -1 1 1 1 1 1 1 -1 -1 -1 -1 1 -1 -1 -1 1 1 -1 1 -1 -1 -1 -1 1 1 -1 1 -1 -1 
1 1 1 1 1 -1 -1 1 -1 1 -1 -1 1 -1 -1 1 -1 1 -1 -1 -1 -1 1 -1 1 -1 1 -1 1 -1 1 -1 -1 1 1 
-1 -1 -1 -1 1 1 -1 -1 1 1 -1 -1 -1 1 -1 -1 1 1 -1 1 -1 1 -1 -1 1 1 1 1 1 1 -1 1 1 1 -1 
1 1 1 -1 1 -1 1 -1 1 -1 1 1 -1 -1 -1 -1 -1 -1 -1 -1 1 1 1 -1 1 -1 -1 -1 -1 1 1 -1 -1 1 -1 
BrutForce Method: Imbalance = 0 --------- S = 4 9 



-1 1 -1 -1 1 1 1 1 -1 1 -1 1 -1 -1 1 -1 -1 1 1 -1 -1 1 -1 1 -1 1 -1 -1 1 1 -1 1 1 -1 -1 
-1 -1 -1 1 -1 -1 1 -1 -1 1 -1 -1 -1 -1 -1 1 -1 -1 -1 -1 1 -1 1 -1 -1 -1 1 1 1 -1 1 1 1 -1 1 
1 -1 1 1 -1 -1 1 -1 -1 1 -1 -1 -1 -1 1 1 -1 1 1 1 -1 -1 -1 1 -1 -1 -1 -1 -1 1 -1 1 1 -1 1 
1 1 -1 -1 -1 1 1 1 1 -1 1 -1 -1 -1 1 1 1 1 1 -1 -1 1 1 -1 1 1 1 1 1 -1 -1 -1 1 1 -1 
1 -1 1 1 1 1 1 1 -1 -1 -1 -1 -1 1 -1 -1 1 1 1 1 1 1 1 -1 1 1 1 1 1 -1 -1 -1 -1 -1 -1 
-1 1 1 1 1 1 -1 -1 -1 -1 -1 1 -1 1 -1 1 -1 1 1 -1 1 -1 1 1 1 -1 1 -1 -1 1 -1 -1 -1 -1 1 
BrutForce Method: Imbalance = 0 --------- S = 4 6 9 10 



1 -1 1 -1 -1 -1 1 -1 -1 1 1 1 -1 1 1 -1 -1 -1 1 -1 -1 1 -1 1 1 1 -1 -1 -1 -1 1 -1 -1 -1 1 
1 1 -1 -1 1 -1 1 -1 1 -1 -1 1 1 1 -1 -1 1 1 1 1 -1 -1 1 1 -1 -1 1 -1 -1 1 -1 1 -1 -1 1 
-1 -1 -1 1 -1 -1 1 1 -1 1 1 1 1 1 -1 1 1 1 1 -1 -1 1 1 -1 -1 -1 -1 -1 -1 1 1 -1 1 -1 -1 
1 1 1 -1 1 1 1 -1 1 -1 -1 1 -1 -1 -1 -1 -1 -1 -1 1 1 1 -1 -1 1 1 1 1 1 1 1 -1 -1 1 1 
1 1 1 1 1 1 1 -1 -1 -1 -1 -1 -1 1 1 1 1 -1 1 1 -1 1 -1 1 1 1 1 1 -1 1 -1 -1 -1 1 -1 
-1 -1 1 -1 1 1 1 -1 1 -1 1 1 -1 1 -1 1 -1 -1 -1 -1 1 -1 1 -1 1 -1 -1 1 -1 1 -1 1 -1 1 -1 
BrutForce Method: Imbalance = 0 --------- S = 5 10 



-1 1 1 -1 -1 -1 1 1 -1 -1 -1 1 -1 1 -1 1 1 -1 1 1 -1 -1 1 1 -1 -1 1 -1 -1 -1 1 1 -1 -1 -1 
-1 -1 1 -1 -1 -1 -1 1 1 1 -1 -1 -1 1 1 -1 -1 -1 -1 -1 1 1 1 -1 1 1 1 1 -1 1 -1 1 1 1 1 
-1 -1 -1 -1 -1 1 1 1 -1 -1 1 -1 -1 1 -1 1 1 1 1 1 1 1 -1 -1 1 -1 1 1 1 -1 1 1 -1 -1 1 
-1 -1 1 -1 1 1 -1 1 -1 1 -1 1 1 -1 1 -1 1 1 1 1 1 -1 -1 1 -1 1 -1 1 -1 1 1 -1 1 -1 -1 
1 -1 -1 1 -1 -1 1 -1 -1 1 -1 -1 -1 -1 1 -1 1 1 -1 1 -1 1 -1 -1 -1 -1 1 -1 1 -1 -1 -1 -1 -1 -1 
-1 -1 1 1 1 -1 -1 -1 1 1 1 -1 1 -1 1 1 -1 1 1 1 -1 1 -1 -1 -1 -1 1 -1 -1 1 -1 1 1 -1 -1 
BrutForce Method: Imbalance = 0 --------- S = 4 8 



-1 1 1 -1 1 1 -1 1 -1 -1 -1 -1 -1 -1 -1 -1 -1 -1 1 1 -1 -1 -1 1 -1 1 1 1 1 1 -1 -1 1 -1 -1 
-1 -1 -1 -1 -1 -1 1 -1 -1 -1 -1 1 -1 -1 -1 1 -1 -1 -1 1 -1 -1 -1 -1 1 -1 -1 1 1 -1 1 1 -1 1 -1 
1 1 1 1 -1 1 1 -1 1 -1 -1 1 1 -1 -1 1 1 1 1 -1 1 1 1 1 1 -1 1 1 -1 1 1 1 1 1 1 
-1 -1 -1 1 -1 1 1 -1 -1 -1 1 1 -1 1 1 1 -1 1 -1 -1 1 -1 -1 -1 -1 -1 1 -1 -1 -1 1 1 -1 -1 -1 
-1 1 -1 1 1 -1 -1 1 -1 1 1 -1 -1 -1 1 -1 1 -1 1 -1 1 -1 1 -1 1 -1 -1 1 -1 1 -1 1 1 -1 1 
-1 -1 -1 -1 -1 -1 1 -1 -1 1 1 1 -1 -1 1 -1 1 1 1 1 1 -1 -1 1 1 -1 1 -1 -1 1 1 1 1 -1 -1 
BrutForce Method: Imbalance = 0 --------- S = 5 7 



-1 -1 1 1 1 -1 1 1 1 1 1 1 -1 -1 1 1 -1 1 -1 -1 1 -1 1 1 -1 -1 1 1 -1 1 1 1 -1 -1 1 
1 1 -1 1 1 -1 1 -1 1 -1 -1 -1 1 -1 1 -1 -1 -1 1 1 -1 1 -1 -1 1 1 -1 -1 -1 -1 -1 -1 -1 1 1 
1 -1 1 1 -1 -1 1 1 1 -1 -1 1 -1 -1 1 -1 1 1 1 -1 -1 -1 1 -1 -1 -1 1 -1 -1 -1 -1 1 1 -1 -1 
-1 1 1 -1 -1 1 1 1 1 -1 1 1 1 1 -1 1 -1 -1 1 1 1 1 -1 1 -1 -1 -1 1 -1 -1 -1 1 -1 1 -1 
-1 -1 -1 -1 -1 -1 1 -1 -1 1 1 1 -1 1 1 1 1 1 1 -1 -1 1 -1 1 1 -1 1 -1 1 1 1 -1 1 1 1 
-1 -1 -1 1 -1 -1 -1 -1 1 -1 -1 -1 1 1 -1 1 1 -1 1 1 -1 -1 -1 1 1 -1 1 -1 -1 -1 -1 -1 1 1 -1 
BrutForce Method: Imbalance = 2 --------- S = 4 6 



-1 -1 -1 1 -1 -1 -1 -1 1 1 1 1 1 1 -1 -1 1 -1 1 1 1 1 1 -1 -1 1 1 -1 1 1 1 -1 -1 1 -1 
1 1 -1 1 1 -1 1 1 -1 -1 1 -1 -1 -1 -1 -1 -1 -1 1 1 1 1 -1 1 1 1 1 -1 -1 1 -1 1 -1 -1 1 
-1 1 -1 1 1 1 1 1 1 -1 1 1 1 1 -1 1 -1 -1 1 -1 -1 -1 -1 1 1 1 1 -1 -1 1 -1 -1 -1 -1 1 
-1 1 1 1 1 1 1 -1 -1 -1 1 -1 1 1 -1 1 1 -1 -1 -1 -1 1 1 -1 1 -1 -1 -1 1 1 -1 1 -1 -1 1 
1 -1 -1 -1 1 -1 -1 -1 -1 1 1 -1 -1 1 1 1 -1 -1 1 1 -1 -1 -1 -1 1 1 -1 1 -1 1 -1 -1 1 -1 1 
-1 -1 -1 1 -1 1 1 -1 1 -1 -1 1 -1 -1 -1 -1 -1 -1 -1 1 -1 1 1 -1 1 -1 -1 -1 1 1 1 -1 1 1 1 
BrutForce Method: Imbalance = 0 --------- S = 1 4 6 10 



1 -1 1 -1 -1 -1 1 1 -1 -1 1 -1 1 1 -1 1 1 -1 1 -1 1 1 -1 -1 -1 -1 1 1 -1 1 -1 1 -1 -1 1 
1 -1 1 -1 -1 -1 -1 -1 -1 -1 1 -1 1 -1 1 1 1 -1 1 1 -1 -1 -1 -1 1 -1 -1 -1 1 1 1 1 1 1 1 
1 1 1 1 1 1 -1 1 1 1 -1 -1 1 -1 1 1 1 -1 -1 1 1 -1 -1 -1 -1 1 -1 -1 -1 -1 1 -1 -1 -1 -1 
1 1 1 1 1 1 1 -1 1 1 1 1 1 -1 1 -1 -1 -1 -1 -1 -1 1 1 -1 1 -1 -1 -1 -1 1 -1 -1 1 -1 -1 
-1 1 1 -1 1 1 -1 -1 1 -1 1 -1 1 -1 1 -1 1 -1 -1 1 1 -1 1 1 1 -1 1 -1 -1 -1 1 1 -1 1 -1 
-1 1 1 -1 1 -1 1 1 1 1 1 1 -1 -1 1 -1 -1 -1 -1 -1 -1 -1 1 1 1 -1 -1 1 1 -1 1 1 1 -1 -1 
BrutForce Method: Imbalance = 2 --------- S = 4 11 



-1 1 1 -1 -1 -1 1 1 1 1 -1 1 -1 1 1 1 -1 1 1 -1 -1 1 -1 1 -1 1 -1 -1 1 -1 1 -1 1 -1 1 
-1 1 1 1 1 1 1 1 1 1 1 -1 1 1 -1 1 1 1 -1 1 1 -1 1 -1 1 -1 -1 1 -1 1 -1 1 -1 -1 -1 
1 -1 1 -1 1 1 -1 -1 -1 -1 -1 -1 1 1 1 -1 1 -1 -1 1 -1 -1 -1 -1 -1 -1 -1 1 1 1 1 -1 -1 -1 -1 
1 1 1 1 -1 1 -1 -1 1 1 -1 1 -1 -1 -1 1 1 1 1 1 -1 1 -1 1 -1 -1 1 1 -1 1 1 -1 -1 1 1 
-1 1 -1 1 -1 -1 1 1 -1 1 -1 -1 1 -1 1 1 1 1 -1 1 -1 1 1 -1 1 1 1 1 1 -1 -1 1 1 1 -1 
1 1 1 -1 1 -1 1 1 -1 1 -1 -1 1 1 1 1 1 -1 -1 1 -1 1 -1 -1 -1 -1 -1 -1 -1 1 -1 -1 1 1 -1 
BrutForce Method: Imbalance = 0 --------- S = 12 13 



-1 1 -1 1 1 1 -1 -1 -1 1 -1 -1 1 -1 1 1 1 1 1 1 -1 1 1 -1 -1 1 1 1 -1 -1 1 1 1 -1 1 
1 -1 1 1 1 -1 -1 1 1 1 -1 1 -1 1 -1 -1 -1 -1 -1 -1 -1 -1 1 -1 1 -1 1 -1 -1 1 -1 -1 1 -1 1 
-1 1 -1 1 1 -1 -1 -1 1 -1 1 -1 -1 -1 1 -1 -1 1 -1 1 -1 -1 -1 1 -1 -1 1 1 -1 -1 1 1 -1 -1 1 
-1 1 1 -1 -1 -1 -1 1 1 -1 -1 1 -1 -1 1 1 -1 1 1 1 1 1 -1 -1 1 -1 1 1 -1 1 -1 1 -1 1 1 
1 1 -1 -1 1 1 -1 1 -1 -1 -1 -1 -1 1 -1 -1 1 -1 1 -1 1 -1 -1 1 1 1 1 -1 -1 1 1 -1 1 -1 1 
-1 1 1 1 1 1 1 1 1 -1 1 -1 1 -1 1 1 -1 -1 -1 -1 -1 -1 -1 1 1 1 -1 1 1 -1 1 -1 -1 1 -1 
BrutForce Method: Imbalance = 2 --------- S = 1 2 



1 1 1 -1 -1 1 -1 -1 1 1 -1 1 -1 -1 -1 1 -1 -1 -1 1 -1 -1 -1 1 -1 -1 -1 1 1 -1 1 -1 1 -1 -1 
-1 -1 -1 1 1 -1 1 -1 -1 1 -1 -1 -1 1 -1 -1 -1 -1 -1 1 -1 1 -1 -1 1 -1 1 1 -1 -1 -1 -1 1 -1 -1 
1 1 1 1 -1 -1 1 -1 1 -1 -1 1 -1 1 1 1 -1 -1 1 -1 -1 1 -1 1 -1 1 1 1 -1 -1 -1 -1 -1 -1 -1 
1 1 -1 1 1 1 -1 -1 1 -1 -1 -1 -1 -1 -1 1 -1 1 -1 -1 1 1 -1 1 1 -1 -1 1 -1 -1 -1 -1 1 1 1 
-1 -1 1 1 -1 -1 -1 1 -1 -1 1 -1 1 1 -1 1 1 1 1 -1 1 1 -1 1 -1 1 1 1 1 1 1 1 -1 1 -1 
-1 1 1 1 -1 -1 1 1 -1 1 -1 1 1 1 1 1 -1 1 1 -1 1 1 -1 1 -1 1 -1 1 -1 -1 1 -1 1 1 1 
BrutForce Method: Imbalance = 0 --------- S = 3 5 



-1 -1 1 -1 1 1 1 1 1 -1 -1 -1 1 -1 1 1 1 1 1 1 1 1 1 1 1 -1 -1 -1 -1 1 1 1 -1 -1 -1 
1 -1 -1 -1 -1 -1 1 -1 -1 1 -1 1 -1 -1 -1 1 -1 -1 1 -1 1 -1 -1 1 1 -1 -1 -1 -1 -1 -1 1 -1 1 1 
1 1 1 -1 -1 1 -1 -1 -1 -1 1 -1 1 1 -1 -1 -1 1 1 1 1 -1 -1 -1 1 1 -1 1 -1 1 1 -1 1 -1 -1 
1 1 1 1 -1 -1 1 -1 1 -1 1 -1 1 1 -1 1 -1 -1 1 1 1 1 1 -1 -1 1 1 -1 1 -1 -1 -1 1 -1 -1 
-1 -1 1 1 1 1 1 -1 1 1 -1 -1 1 1 -1 -1 1 -1 -1 -1 1 1 1 -1 1 -1 -1 -1 1 -1 -1 1 -1 1 -1 
-1 -1 1 -1 -1 -1 1 1 -1 -1 1 1 1 -1 -1 -1 1 1 -1 1 -1 -1 1 -1 -1 -1 1 1 -1 -1 -1 1 -1 -1 1 
BrutForce Method: Imbalance = 0 --------- S = 1 3 8 10 



-1 1 -1 -1 1 -1 1 -1 1 1 -1 1 -1 -1 -1 -1 1 -1 1 1 -1 1 -1 1 1 -1 -1 -1 1 -1 1 1 1 -1 1 
-1 -1 1 -1 1 1 -1 1 -1 1 1 -1 -1 1 -1 -1 1 1 1 1 1 -1 1 -1 1 1 1 -1 -1 1 1 -1 -1 1 1 
-1 -1 1 -1 1 1 -1 1 1 1 -1 1 -1 -1 1 -1 -1 -1 1 -1 -1 1 1 -1 -1 -1 -1 1 -1 1 -1 -1 1 -1 1 
1 1 -1 1 1 1 1 1 -1 1 1 -1 -1 1 -1 1 1 -1 -1 1 -1 -1 1 1 -1 -1 1 -1 1 -1 -1 -1 -1 -1 1 
-1 -1 1 -1 1 -1 -1 1 -1 1 1 -1 -1 1 -1 1 1 -1 1 -1 -1 1 -1 -1 -1 -1 -1 -1 -1 1 -1 -1 -1 -1 1 
1 1 -1 -1 -1 -1 1 -1 -1 -1 1 1 -1 1 1 -1 -1 1 -1 -1 1 -1 1 -1 1 -1 -1 -1 1 -1 -1 1 -1 -1 -1 
BrutForce Method: Imbalance = 0 --------- S = 2 3 



-1 1 1 1 1 -1 1 -1 1 -1 -1 -1 -1 -1 1 -1 1 -1 1 1 1 -1 1 1 1 -1 -1 -1 1 -1 1 1 1 1 -1 
1 -1 1 1 -1 -1 1 1 -1 1 1 1 -1 -1 -1 -1 -1 -1 1 -1 1 -1 -1 1 1 -1 1 -1 -1 -1 -1 -1 1 1 -1 
1 -1 -1 1 1 -1 -1 1 1 -1 1 -1 1 -1 1 1 1 -1 1 -1 1 -1 1 -1 1 -1 -1 1 -1 -1 -1 -1 1 1 -1 
-1 -1 1 1 -1 -1 -1 -1 1 1 1 1 1 -1 1 -1 1 1 1 1 1 -1 1 1 1 1 -1 1 -1 1 -1 -1 1 1 -1 
-1 1 -1 1 -1 -1 -1 1 1 1 1 -1 -1 -1 1 1 -1 1 1 1 -1 -1 -1 -1 -1 -1 -1 -1 1 1 -1 -1 -1 -1 -1 
1 1 -1 -1 -1 1 1 -1 1 1 1 1 -1 -1 -1 1 -1 -1 -1 1 -1 -1 -1 1 -1 1 -1 1 1 1 1 -1 1 -1 1 
BrutForce Method: Imbalance = 0 --------- S = 4 6 



1 -1 1 1 -1 1 -1 1 -1 1 -1 -1 -1 1 1 1 -1 1 1 1 -1 1 -1 1 -1 -1 1 -1 1 -1 1 1 -1 -1 1 
-1 -1 1 -1 1 -1 -1 1 1 -1 -1 -1 -1 -1 1 1 -1 -1 1 1 -1 -1 1 1 -1 1 1 1 -1 1 1 1 1 1 1 
1 1 1 -1 1 1 -1 1 -1 -1 1 1 -1 -1 1 -1 -1 -1 1 -1 -1 1 1 1 -1 1 -1 1 -1 1 -1 1 1 -1 1 
-1 -1 1 1 -1 1 1 1 1 1 1 -1 -1 1 1 1 -1 1 1 1 1 -1 -1 -1 1 -1 1 -1 -1 -1 1 1 -1 -1 -1 
-1 1 -1 -1 1 1 1 -1 -1 -1 1 1 -1 1 -1 -1 1 1 1 -1 -1 1 -1 1 1 -1 -1 1 -1 1 1 1 -1 -1 1 
-1 1 1 -1 -1 1 1 -1 1 1 1 1 -1 -1 1 -1 1 1 1 -1 -1 1 -1 -1 -1 1 1 -1 -1 -1 1 1 1 1 1 
BrutForce Method: Imbalance = 0 --------- S = 5 10 



1 -1 -1 -1 -1 1 -1 1 1 1 -1 1 1 1 -1 -1 -1 1 -1 1 -1 -1 1 -1 -1 1 -1 1 1 -1 1 -1 1 -1 -1 
1 -1 -1 1 1 1 1 1 1 1 1 1 -1 -1 -1 -1 -1 1 -1 1 -1 -1 1 -1 -1 -1 -1 -1 1 1 -1 1 1 1 -1 
1 -1 -1 1 1 -1 -1 -1 1 -1 1 -1 1 -1 1 1 -1 -1 -1 1 1 -1 1 -1 1 -1 1 -1 -1 -1 -1 -1 -1 1 1 
-1 1 1 1 1 1 1 -1 -1 -1 1 -1 1 -1 1 1 1 1 -1 1 -1 -1 1 -1 -1 1 1 -1 1 -1 -1 1 1 -1 1 
-1 1 -1 -1 -1 -1 -1 -1 1 1 1 1 -1 1 1 1 -1 -1 1 -1 1 -1 -1 1 1 -1 -1 1 -1 -1 1 -1 -1 1 -1 
1 1 -1 -1 -1 -1 1 1 -1 -1 -1 1 1 -1 -1 1 -1 1 1 -1 -1 -1 1 -1 1 1 1 1 1 1 -1 1 1 1 1 
BrutForce Method: Imbalance = 0 --------- S = 1 2 3 9 



-1 -1 -1 1 1 -1 -1 1 -1 1 -1 -1 -1 -1 1 1 -1 1 1 1 -1 -1 1 -1 -1 -1 1 -1 1 1 -1 1 1 1 -1 
1 1 1 1 1 -1 1 -1 -1 -1 1 -1 -1 1 1 -1 1 -1 1 1 1 -1 1 -1 -1 1 1 1 -1 -1 1 1 -1 1 1 
1 1 -1 1 -1 -1 1 1 1 -1 -1 -1 -1 -1 1 -1 1 1 1 -1 1 -1 -1 -1 1 1 -1 -1 1 -1 1 1 -1 -1 -1 
1 -1 1 -1 -1 -1 -1 -1 1 1 -1 -1 1 -1 1 1 1 1 -1 1 1 1 -1 -1 -1 -1 1 1 1 1 -1 -1 1 1 -1 
1 1 1 -1 -1 1 1 1 1 1 1 1 -1 -1 -1 -1 -1 1 1 1 -1 -1 -1 -1 -1 -1 -1 -1 -1 -1 1 1 1 1 1 
-1 1 -1 1 -1 -1 1 1 1 -1 -1 -1 1 -1 1 -1 -1 1 -1 1 -1 1 -1 1 -1 -1 1 -1 -1 -1 1 -1 -1 1 -1 
BrutForce Method: Imbalance = 0 --------- S = 5 9 



1 -1 -1 -1 1 1 -1 1 -1 1 1 -1 1 -1 -1 1 1 -1 1 1 -1 1 -1 -1 1 1 1 -1 1 -1 1 -1 1 1 -1 
-1 1 1 -1 1 1 1 1 -1 -1 1 -1 -1 -1 -1 -1 -1 1 -1 1 -1 1 -1 1 1 -1 1 1 -1 1 -1 -1 -1 1 1 
1 -1 1 1 1 -1 -1 1 1 1 -1 -1 1 1 1 -1 -1 1 -1 1 -1 -1 1 -1 -1 -1 1 1 -1 1 -1 1 -1 1 1 
1 -1 1 1 -1 1 -1 -1 1 1 -1 -1 -1 -1 -1 -1 1 -1 1 -1 1 1 1 -1 -1 1 -1 -1 1 1 -1 1 1 1 1 
1 -1 1 1 1 1 1 -1 1 1 1 1 1 -1 1 1 -1 1 1 1 1 1 -1 1 1 1 1 -1 -1 -1 -1 1 1 1 -1 
1 -1 1 1 -1 -1 -1 1 -1 1 1 1 1 1 -1 -1 1 -1 -1 -1 -1 -1 1 1 -1 1 -1 1 1 -1 1 -1 -1 -1 -1 
BrutForce Method: Imbalance = 0 --------- S = 1 2 



1 1 -1 -1 1 1 1 -1 1 1 1 1 -1 1 1 1 1 -1 -1 1 -1 1 -1 -1 -1 -1 1 1 -1 1 1 1 1 1 -1 
-1 1 -1 -1 1 -1 -1 -1 1 -1 1 1 1 1 -1 1 -1 1 1 -1 -1 -1 -1 -1 1 1 -1 -1 -1 1 1 1 -1 1 1 
-1 1 1 -1 1 -1 1 -1 -1 1 -1 1 1 -1 -1 1 1 -1 -1 -1 -1 -1 -1 -1 1 -1 1 1 -1 -1 -1 1 -1 1 1 
1 -1 -1 1 1 -1 -1 1 -1 1 1 1 1 -1 -1 1 -1 -1 1 -1 1 1 1 1 -1 -1 1 1 1 -1 1 -1 -1 -1 -1 
-1 -1 -1 1 -1 1 1 -1 -1 -1 -1 1 1 -1 -1 1 1 1 1 -1 -1 1 -1 -1 -1 -1 -1 -1 -1 -1 1 1 -1 1 1 
-1 1 1 1 -1 1 1 1 1 -1 1 1 1 1 1 -1 1 1 1 -1 1 1 -1 -1 -1 -1 -1 -1 1 -1 -1 -1 -1 1 1 
BrutForce Method: Imbalance = 2 --------- S = 2 4 



-1 1 -1 1 1 -1 -1 1 -1 -1 1 1 1 1 -1 -1 -1 1 1 -1 1 1 1 1 1 -1 1 1 -1 -1 1 -1 -1 1 1 
-1 -1 1 1 1 -1 -1 1 -1 1 -1 -1 1 1 -1 1 1 1 1 1 1 1 1 -1 1 1 -1 -1 1 -1 1 1 -1 1 1 
1 1 1 -1 1 -1 1 1 -1 1 1 1 -1 1 1 1 1 -1 -1 -1 1 1 -1 -1 1 1 -1 -1 1 -1 1 1 1 1 -1 
1 -1 1 1 -1 -1 -1 -1 1 -1 1 -1 1 1 -1 -1 -1 -1 -1 -1 1 1 1 1 -1 -1 1 1 -1 1 1 1 -1 -1 -1 
-1 1 1 -1 -1 -1 -1 1 -1 -1 -1 -1 1 1 -1 1 1 -1 1 1 -1 -1 1 -1 1 -1 1 1 -1 1 1 -1 -1 1 1 
-1 1 -1 1 1 1 -1 1 -1 1 -1 -1 1 1 -1 1 -1 1 -1 1 1 -1 1 -1 -1 -1 -1 1 -1 1 -1 -1 -1 1 1 
BrutForce Method: Imbalance = 0 --------- S = 8 9 



-1 -1 -1 1 1 -1 1 1 1 1 -1 1 1 -1 -1 -1 1 1 -1 1 1 1 -1 -1 1 1 1 -1 -1 -1 -1 1 1 -1 -1 
-1 -1 -1 -1 -1 1 1 -1 1 1 -1 -1 1 1 1 1 1 -1 -1 -1 -1 1 -1 -1 1 -1 -1 1 -1 -1 1 -1 1 -1 -1 
1 1 1 -1 1 -1 -1 -1 -1 1 1 -1 -1 1 1 -1 -1 -1 -1 1 1 1 1 -1 -1 -1 -1 -1 -1 1 -1 -1 -1 1 -1 
1 -1 1 -1 1 1 1 -1 1 -1 -1 -1 -1 -1 1 -1 -1 1 1 -1 -1 1 -1 1 1 1 1 -1 1 -1 -1 1 -1 -1 1 
-1 1 -1 1 1 1 -1 -1 -1 -1 1 -1 -1 1 -1 1 1 1 -1 -1 -1 -1 -1 1 1 1 -1 1 1 1 1 1 1 -1 -1 
-1 1 1 -1 -1 -1 -1 1 1 -1 1 -1 1 -1 -1 1 1 1 1 -1 -1 1 1 1 -1 -1 1 1 -1 -1 1 1 -1 1 -1 
BrutForce Method: Imbalance = 0 --------- S = 2 7 



1 -1 1 1 1 1 -1 -1 -1 -1 -1 -1 1 1 1 -1 1 -1 -1 1 1 -1 -1 1 -1 -1 -1 1 -1 -1 1 1 1 1 -1 
1 1 -1 1 1 1 -1 -1 1 -1 1 -1 -1 1 -1 1 -1 -1 1 -1 1 -1 1 1 1 1 -1 1 1 -1 -1 1 -1 -1 1 
1 -1 -1 1 -1 1 1 -1 -1 -1 1 -1 -1 -1 1 -1 -1 1 -1 1 -1 -1 1 -1 -1 -1 -1 -1 -1 -1 1 -1 -1 -1 -1 
1 1 1 1 1 -1 1 -1 1 1 -1 1 -1 -1 -1 -1 1 1 1 -1 -1 -1 1 -1 -1 1 1 -1 -1 -1 -1 1 -1 -1 -1 
1 1 1 1 -1 -1 -1 1 -1 1 1 1 1 -1 1 -1 1 -1 1 -1 -1 -1 1 -1 -1 1 1 -1 1 -1 1 -1 1 -1 -1 
-1 -1 -1 -1 1 -1 -1 1 -1 -1 -1 1 1 -1 -1 1 -1 -1 1 1 -1 -1 1 1 -1 1 -1 -1 1 -1 -1 -1 1 -1 1 
BrutForce Method: Imbalance = 0 --------- S = 6 12 



-1 1 1 -1 -1 -1 1 1 1 1 1 -1 1 1 -1 -1 1 -1 1 -1 1 1 1 1 1 1 -1 1 1 1 1 1 -1 -1 -1 
-1 1 1 1 1 1 -1 1 -1 1 1 1 -1 -1 1 -1 1 -1 1 1 1 1 1 -1 1 -1 -1 1 1 -1 -1 1 1 -1 1 
-1 -1 -1 1 -1 1 1 -1 -1 -1 1 1 1 1 -1 1 -1 1 -1 1 -1 1 -1 -1 -1 -1 -1 -1 1 -1 -1 -1 -1 1 -1 
1 1 -1 -1 -1 -1 1 -1 -1 1 -1 -1 1 1 -1 -1 1 -1 1 -1 -1 1 1 1 1 -1 -1 -1 -1 1 -1 1 1 -1 1 
-1 1 -1 1 -1 1 -1 1 1 1 1 1 1 -1 -1 1 -1 -1 -1 1 -1 -1 1 -1 1 1 -1 1 -1 -1 1 -1 1 -1 1 
1 1 1 -1 -1 1 -1 -1 1 1 -1 -1 -1 -1 1 -1 1 1 1 1 -1 -1 -1 -1 -1 -1 1 -1 -1 1 -1 1 1 -1 1 
BrutForce Method: Imbalance = 0 --------- S = 1 6 7 8 



-1 -1 1 -1 -1 1 1 1 -1 -1 -1 -1 1 1 1 1 1 -1 1 1 -1 1 -1 1 -1 -1 -1 -1 1 -1 1 -1 1 1 -1 
1 1 1 -1 -1 1 1 1 -1 1 1 1 1 1 1 1 -1 -1 1 -1 1 -1 1 1 1 -1 -1 -1 -1 1 1 1 -1 1 -1 
-1 1 -1 -1 1 -1 -1 -1 1 1 1 -1 -1 1 -1 1 -1 -1 -1 -1 -1 1 1 -1 1 -1 1 -1 1 -1 -1 -1 -1 -1 -1 
1 -1 -1 1 1 1 -1 1 -1 1 1 -1 -1 1 -1 -1 -1 1 -1 1 1 1 1 -1 1 1 1 1 -1 -1 1 1 1 1 -1 
1 -1 -1 -1 1 -1 -1 1 1 1 -1 1 -1 1 -1 -1 1 -1 1 1 -1 -1 -1 -1 -1 -1 1 1 1 -1 1 1 1 1 1 
1 -1 1 1 1 1 -1 1 -1 -1 -1 -1 -1 -1 -1 1 -1 -1 -1 -1 -1 1 1 1 -1 -1 -1 1 -1 -1 1 1 -1 -1 -1 
BrutForce Method: Imbalance = 0 --------- S = 5 7 



1 1 -1 1 1 1 -1 -1 -1 1 1 -1 -1 1 1 1 1 1 -1 1 1 -1 1 -1 -1 1 -1 -1 -1 -1 -1 1 -1 -1 -1 
-1 1 1 -1 1 1 -1 1 1 -1 -1 -1 -1 -1 1 1 -1 1 1 -1 -1 -1 1 1 -1 -1 -1 -1 1 1 1 1 -1 -1 1 
-1 1 -1 1 -1 -1 1 1 1 -1 -1 -1 -1 1 -1 -1 -1 1 1 1 1 1 1 1 -1 1 -1 -1 -1 -1 1 -1 -1 1 1 
1 1 -1 1 1 -1 -1 1 1 -1 1 1 -1 1 -1 -1 -1 1 -1 -1 1 1 -1 -1 1 -1 -1 -1 1 1 -1 -1 1 -1 1 
-1 1 -1 1 -1 -1 1 -1 1 1 -1 -1 1 1 -1 -1 -1 1 -1 1 1 1 -1 -1 -1 1 -1 1 1 1 1 1 1 -1 -1 
1 -1 -1 -1 1 -1 1 1 -1 -1 -1 1 1 1 1 1 1 -1 -1 -1 -1 -1 1 -1 -1 -1 1 1 1 -1 1 -1 -1 1 -1 
BrutForce Method: Imbalance = 0 --------- S = 1 2 3 7 



-1 -1 1 -1 -1 1 1 1 1 1 1 -1 1 1 -1 -1 1 1 1 -1 -1 -1 1 -1 1 -1 1 -1 -1 1 -1 -1 -1 -1 1 
1 1 -1 1 1 1 -1 -1 1 -1 1 1 -1 1 1 -1 1 -1 -1 1 -1 -1 1 -1 1 -1 -1 1 -1 -1 1 1 -1 1 1 
1 1 -1 1 1 -1 -1 -1 -1 1 1 1 1 1 1 -1 1 1 1 1 1 -1 -1 -1 -1 1 1 1 1 1 -1 -1 1 -1 1 
1 1 1 -1 1 1 1 1 1 1 -1 -1 1 -1 1 -1 -1 1 -1 1 -1 1 1 1 -1 1 -1 1 1 1 -1 -1 -1 1 -1 
-1 1 -1 1 1 1 -1 -1 1 1 -1 1 -1 1 -1 1 -1 1 1 1 1 1 1 1 -1 -1 -1 1 1 1 -1 -1 -1 -1 1 
1 -1 1 -1 1 1 1 -1 -1 1 -1 -1 -1 -1 1 -1 -1 1 1 -1 1 1 -1 1 1 1 -1 1 -1 -1 1 1 1 -1 1 
BrutForce Method: Imbalance = 0 --------- S = 3 4 



1 -1 -1 1 1 -1 1 -1 -1 -1 1 1 1 1 1 -1 -1 -1 -1 1 -1 1 1 1 1 -1 -1 -1 -1 1 -1 1 -1 -1 -1 
-1 -1 -1 1 -1 -1 -1 1 1 -1 -1 -1 -1 -1 1 1 -1 -1 -1 1 1 -1 1 -1 1 -1 -1 1 1 -1 1 -1 -1 -1 -1 
-1 1 -1 1 -1 -1 -1 1 1 1 1 -1 -1 -1 -1 -1 -1 -1 1 -1 -1 -1 -1 -1 -1 1 -1 -1 1 -1 1 -1 -1 1 1 
-1 -1 1 -1 1 1 -1 -1 1 1 1 1 1 1 -1 1 -1 1 -1 1 1 1 1 -1 1 1 1 -1 -1 -1 -1 1 -1 1 -1 
-1 1 1 -1 -1 1 1 -1 1 -1 -1 1 1 -1 1 -1 -1 -1 1 -1 -1 1 1 -1 -1 1 -1 -1 -1 -1 -1 1 1 1 1 
1 -1 -1 -1 1 1 -1 -1 1 1 -1 1 -1 -1 -1 -1 -1 1 -1 -1 1 -1 1 1 -1 1 1 -1 1 -1 -1 1 -1 1 1 
BrutForce Method: Imbalance = 0 --------- S = 4 6 



-1 -1 -1 1 1 -1 1 -1 -1 -1 1 1 -1 -1 -1 -1 1 -1 1 1 -1 -1 1 -1 1 1 -1 1 -1 1 -1 1 -1 1 -1 
1 -1 1 1 -1 -1 1 -1 -1 1 -1 -1 1 -1 -1 1 -1 1 -1 1 1 -1 -1 1 1 -1 1 -1 1 -1 -1 -1 -1 -1 -1 
1 1 -1 1 -1 -1 1 1 1 -1 -1 -1 1 -1 1 -1 -1 1 1 -1 1 -1 1 -1 1 -1 1 -1 -1 -1 -1 -1 1 -1 1 
-1 -1 -1 1 1 1 1 1 -1 1 1 1 1 1 1 -1 1 -1 -1 1 -1 -1 1 -1 1 1 -1 1 -1 1 -1 -1 -1 1 -1 
1 1 1 1 1 1 1 -1 1 1 -1 1 1 -1 1 1 1 1 1 -1 -1 -1 1 1 -1 1 -1 -1 1 -1 1 1 -1 1 1 
-1 1 -1 -1 1 -1 -1 -1 1 -1 -1 -1 -1 -1 1 -1 1 1 1 -1 -1 -1 -1 1 -1 -1 -1 -1 -1 -1 -1 -1 -1 -1 1 
BrutForce Method: Imbalance = 2 --------- S = 1 5 



1 1 -1 1 -1 -1 -1 -1 1 -1 -1 1 1 -1 -1 1 1 1 1 1 -1 1 -1 -1 -1 -1 -1 -1 1 -1 1 -1 -1 -1 -1 
-1 -1 1 -1 1 1 1 -1 -1 1 -1 1 1 1 1 -1 -1 -1 1 1 -1 1 1 -1 1 -1 -1 -1 1 1 -1 -1 -1 1 1 
1 1 -1 -1 -1 1 1 -1 1 1 -1 -1 1 1 1 -1 -1 1 -1 1 1 1 1 -1 -1 -1 -1 -1 -1 1 -1 1 1 1 1 
-1 1 1 1 -1 1 -1 1 1 1 -1 1 1 1 1 -1 1 -1 1 1 -1 -1 -1 -1 1 1 1 -1 1 -1 -1 1 1 -1 -1 
-1 -1 -1 -1 -1 -1 1 1 -1 1 -1 1 1 -1 1 1 -1 -1 1 1 1 -1 -1 -1 -1 1 -1 1 1 1 -1 -1 -1 -1 1 
-1 -1 1 -1 1 1 -1 1 -1 1 -1 -1 1 1 -1 -1 1 1 1 -1 -1 1 1 -1 -1 1 -1 1 1 1 -1 1 1 1 1 
BrutForce Method: Imbalance = 0 --------- S = 1 4 5 7 8 13 



-1 -1 -1 1 1 1 -1 1 1 -1 -1 -1 1 1 1 -1 1 -1 -1 -1 1 -1 -1 1 1 1 1 1 1 1 1 1 1 1 -1 
-1 1 1 1 -1 -1 -1 -1 1 -1 1 1 1 -1 1 1 1 -1 -1 1 1 1 1 -1 -1 1 1 1 1 -1 -1 -1 1 -1 1 
1 1 1 1 -1 1 1 1 -1 1 1 -1 1 -1 -1 -1 -1 1 -1 1 -1 -1 -1 -1 -1 -1 -1 -1 -1 -1 -1 -1 1 1 -1 
-1 -1 -1 -1 -1 -1 -1 -1 1 -1 1 -1 1 1 -1 -1 1 -1 -1 -1 -1 1 1 -1 1 -1 1 -1 1 1 1 -1 -1 -1 1 
-1 1 1 1 1 -1 -1 1 1 -1 1 1 1 1 1 -1 -1 1 1 -1 1 1 1 -1 1 -1 -1 1 -1 1 -1 1 1 1 -1 
-1 -1 1 1 1 -1 1 1 1 1 -1 1 -1 -1 -1 1 1 1 -1 1 -1 -1 1 1 -1 1 -1 1 1 -1 1 -1 -1 1 1 
BrutForce Method: Imbalance = 0 --------- S = 1 9 



-1 -1 1 1 -1 -1 1 -1 -1 1 -1 -1 1 -1 -1 1 1 -1 1 -1 -1 1 1 1 1 -1 -1 1 -1 1 1 1 -1 1 -1 
1 -1 -1 1 -1 -1 -1 1 -1 -1 -1 -1 1 -1 1 1 -1 1 1 1 1 -1 1 -1 -1 1 1 1 -1 1 -1 -1 -1 -1 1 
1 1 -1 -1 1 1 -1 1 1 -1 -1 1 -1 -1 1 1 1 -1 -1 -1 -1 1 -1 -1 1 1 1 -1 1 1 -1 -1 -1 1 1 
-1 -1 1 1 1 -1 1 -1 -1 1 1 1 1 1 1 1 1 1 -1 1 1 -1 1 -1 -1 -1 -1 1 1 1 1 -1 -1 -1 -1 
1 -1 -1 -1 1 -1 1 1 1 1 -1 1 1 -1 1 -1 1 1 -1 1 1 1 1 1 -1 -1 1 1 -1 1 1 1 1 -1 -1 
1 -1 -1 -1 1 -1 -1 -1 1 1 1 -1 1 -1 -1 -1 -1 -1 1 -1 1 1 1 -1 -1 -1 1 -1 1 1 -1 1 1 -1 1 
BrutForce Method: Imbalance = 0 --------- S = 1 3 



1 1 1 1 -1 -1 -1 -1 -1 1 1 -1 -1 -1 1 -1 -1 -1 1 1 -1 -1 1 1 -1 -1 1 1 -1 1 -1 -1 -1 1 -1 
1 1 -1 -1 -1 -1 1 1 -1 1 -1 -1 -1 -1 -1 1 -1 -1 -1 -1 1 -1 1 1 1 -1 -1 -1 1 1 1 -1 1 1 -1 
1 -1 1 1 1 1 1 1 -1 1 1 1 1 -1 1 1 1 1 -1 1 1 -1 1 1 1 -1 -1 -1 -1 1 -1 1 -1 -1 1 
-1 1 1 -1 1 -1 -1 -1 1 1 -1 1 1 1 -1 -1 -1 1 1 1 1 1 -1 -1 -1 -1 -1 1 -1 -1 -1 1 -1 -1 -1 
1 -1 -1 1 1 -1 1 -1 -1 -1 1 1 1 1 1 1 1 1 -1 -1 -1 1 1 1 -1 -1 1 1 1 1 1 -1 1 1 1 
1 1 -1 1 1 1 1 -1 1 -1 -1 1 -1 -1 1 -1 1 1 1 -1 -1 -1 -1 1 1 1 1 1 1 1 1 -1 -1 -1 -1 
BrutForce Method: Imbalance = 2 --------- S = 3 7 



1 1 -1 -1 1 1 1 1 -1 1 -1 -1 1 -1 -1 -1 1 1 -1 1 1 1 -1 -1 -1 1 1 -1 1 1 -1 1 -1 1 -1 
1 1 1 1 -1 -1 -1 -1 -1 1 1 1 1 -1 -1 -1 -1 1 1 1 -1 1 -1 -1 1 -1 1 1 -1 -1 1 1 1 -1 1 
-1 1 1 -1 1 1 -1 -1 1 -1 1 -1 -1 -1 -1 -1 1 1 -1 -1 1 -1 -1 -1 -1 1 1 -1 -1 1 1 -1 1 1 1 
-1 1 1 1 -1 1 -1 1 -1 -1 -1 -1 -1 -1 1 -1 1 1 1 1 -1 -1 -1 -1 1 1 1 1 -1 1 -1 1 1 -1 1 
1 1 1 -1 1 -1 1 1 -1 -1 1 -1 -1 1 -1 1 1 1 -1 1 -1 -1 -1 1 1 -1 1 -1 -1 -1 1 -1 -1 -1 -1 
1 -1 -1 -1 -1 -1 1 1 1 1 -1 1 -1 1 -1 -1 -1 1 1 1 1 -1 1 -1 -1 -1 -1 1 1 1 1 1 1 -1 -1 
BrutForce Method: Imbalance = 0 --------- S = 2 4 7 9 



1 1 -1 -1 1 1 -1 -1 1 -1 -1 -1 1 1 1 -1 1 -1 -1 -1 1 -1 -1 -1 -1 -1 -1 -1 1 -1 -1 1 1 1 1 
1 -1 1 -1 1 1 1 1 -1 1 -1 1 -1 1 -1 1 1 1 1 -1 1 -1 -1 1 1 1 -1 -1 1 -1 1 -1 1 -1 1 
1 1 -1 1 1 1 -1 1 1 -1 1 1 -1 -1 -1 -1 -1 1 1 -1 1 1 1 1 1 1 -1 1 -1 1 -1 -1 -1 -1 1 
1 1 1 1 -1 1 -1 1 -1 -1 -1 -1 -1 1 -1 -1 -1 1 1 1 -1 1 1 -1 -1 -1 1 1 1 1 -1 -1 1 1 1 
1 -1 -1 -1 1 -1 1 1 -1 -1 1 1 1 1 1 -1 -1 -1 1 1 1 -1 -1 -1 1 -1 1 -1 -1 1 1 1 1 1 1 
1 -1 -1 1 1 -1 -1 -1 1 -1 1 1 -1 1 -1 -1 -1 1 1 -1 1 -1 -1 1 1 1 1 1 -1 1 1 -1 1 1 1 
BrutForce Method: Imbalance = 0 --------- S = 3 4 5 13 



1 -1 1 1 1 -1 1 -1 -1 -1 1 -1 1 -1 -1 1 1 -1 -1 -1 -1 1 1 -1 -1 -1 1 -1 1 1 -1 -1 -1 -1 1 
-1 -1 1 -1 -1 -1 -1 1 1 1 -1 1 -1 -1 1 -1 -1 -1 -1 1 -1 -1 -1 -1 -1 -1 -1 1 1 -1 1 -1 -1 -1 -1 
-1 -1 -1 -1 1 1 1 -1 1 -1 -1 -1 -1 1 1 1 1 1 -1 -1 1 -1 1 -1 -1 -1 1 -1 -1 -1 1 -1 -1 1 1 
-1 1 -1 -1 1 -1 -1 1 -1 -1 -1 -1 1 -1 1 1 -1 1 -1 -1 1 -1 -1 -1 -1 -1 -1 1 -1 1 1 -1 -1 -1 1 
1 -1 -1 -1 1 -1 1 -1 -1 -1 -1 1 -1 -1 -1 -1 -1 1 1 1 1 1 1 1 -1 1 1 -1 1 -1 -1 1 1 -1 1 
1 -1 -1 -1 -1 1 1 -1 -1 1 1 1 -1 -1 1 -1 -1 -1 1 1 1 1 -1 1 1 1 1 -1 1 1 1 -1 1 1 -1 
BrutForce Method: Imbalance = 0 --------- S = 7 8 



-1 1 1 -1 1 -1 1 -1 -1 -1 1 -1 -1 1 -1 1 1 1 1 -1 -1 1 -1 1 -1 -1 1 1 1 -1 1 1 1 -1 -1 
1 -1 -1 -1 1 1 1 1 1 -1 1 -1 -1 -1 1 -1 -1 -1 1 1 1 1 1 -1 -1 -1 1 -1 1 1 -1 1 1 -1 -1 
1 1 -1 1 -1 -1 1 -1 -1 1 -1 -1 1 1 1 1 1 -1 -1 -1 -1 1 -1 -1 1 1 1 -1 1 -1 -1 -1 -1 1 1 
-1 -1 -1 1 1 1 -1 -1 -1 -1 -1 -1 1 -1 1 1 -1 -1 1 1 1 -1 -1 1 1 -1 1 1 -1 1 -1 -1 -1 1 -1 
-1 -1 1 -1 -1 1 1 1 -1 -1 1 1 1 1 1 1 1 1 1 1 1 1 1 -1 1 1 -1 1 -1 -1 -1 -1 -1 -1 -1 
-1 1 1 1 1 1 1 1 -1 1 -1 -1 1 1 1 -1 1 1 -1 -1 1 1 1 1 1 1 -1 1 1 1 -1 1 1 1 1 
BrutForce Method: Imbalance = 0 --------- S = 4 11 



-1 -1 -1 -1 -1 -1 1 -1 -1 1 -1 -1 1 -1 -1 -1 -1 -1 1 1 -1 1 1 -1 -1 -1 -1 1 -1 -1 1 1 1 -1 -1 
-1 -1 1 1 -1 1 -1 1 -1 -1 1 -1 -1 1 -1 1 1 -1 1 1 1 -1 1 1 -1 -1 1 -1 1 1 -1 1 1 1 -1 
-1 -1 1 -1 1 -1 1 -1 1 -1 1 -1 1 -1 -1 -1 1 1 -1 1 -1 1 1 1 -1 1 1 -1 1 -1 -1 1 -1 -1 -1 
1 1 -1 1 -1 1 1 -1 1 1 -1 -1 1 -1 1 -1 -1 -1 1 1 1 -1 -1 1 -1 -1 1 1 -1 -1 1 1 -1 -1 -1 
-1 1 1 1 1 1 -1 1 -1 -1 -1 -1 1 -1 -1 1 -1 1 1 -1 1 1 1 -1 1 1 1 1 1 1 -1 -1 1 -1 -1 
-1 1 1 1 -1 -1 1 1 1 1 -1 -1 1 1 1 1 1 -1 1 1 1 -1 1 -1 1 -1 1 -1 -1 -1 1 1 -1 -1 -1 
BrutForce Method: Imbalance = 2 --------- S = 1 3 



-1 -1 -1 1 1 -1 -1 -1 -1 1 -1 1 1 1 -1 -1 -1 -1 1 -1 -1 1 -1 -1 1 -1 1 1 -1 1 -1 -1 -1 1 1 
-1 -1 1 1 1 -1 -1 -1 -1 1 1 1 -1 1 1 1 -1 -1 -1 1 1 -1 1 1 1 1 1 1 -1 -1 -1 -1 1 -1 1 
-1 -1 1 -1 1 1 1 -1 -1 -1 1 1 1 -1 -1 1 1 -1 -1 -1 1 -1 -1 1 -1 -1 1 -1 1 1 1 -1 -1 -1 1 
-1 -1 1 1 -1 1 1 1 1 1 -1 1 -1 -1 -1 -1 1 -1 -1 -1 -1 -1 1 -1 1 1 1 1 -1 -1 1 1 1 -1 -1 
-1 -1 -1 -1 1 1 -1 -1 -1 1 1 1 1 -1 1 -1 -1 -1 -1 -1 -1 1 -1 -1 1 1 1 1 1 1 -1 -1 -1 1 1 
-1 -1 1 1 -1 1 -1 -1 -1 1 -1 1 -1 -1 1 -1 1 -1 1 -1 1 -1 1 -1 -1 -1 -1 1 -1 1 1 1 1 1 1 
BrutForce Method: Imbalance = 0 --------- S = 1 4 5 6 



-1 1 1 -1 1 -1 -1 -1 1 -1 -1 1 1 1 -1 1 1 -1 -1 1 -1 1 -1 1 1 -1 -1 -1 1 -1 1 1 1 -1 -1 
-1 -1 -1 -1 1 -1 -1 -1 -1 -1 1 -1 -1 -1 -1 -1 1 1 1 1 -1 -1 1 -1 -1 1 -1 1 1 1 1 -1 -1 1 1 
1 -1 -1 -1 1 1 -1 1 1 1 1 1 -1 -1 1 -1 1 1 1 1 -1 -1 1 1 1 1 1 -1 1 -1 -1 1 -1 -1 -1 
-1 1 1 -1 -1 1 1 -1 -1 1 -1 1 -1 1 1 -1 1 -1 -1 -1 1 -1 -1 1 1 -1 -1 1 -1 -1 -1 -1 1 -1 1 
-1 -1 -1 1 -1 1 -1 -1 -1 -1 -1 -1 -1 -1 1 1 -1 -1 -1 -1 -1 -1 -1 -1 1 1 -1 1 -1 1 -1 1 -1 1 1 
1 -1 -1 1 1 -1 1 1 -1 1 1 -1 -1 -1 -1 1 1 -1 1 1 1 -1 1 -1 -1 -1 -1 1 1 1 -1 -1 -1 -1 1 
BrutForce Method: Imbalance = 2 --------- S = 5 6 



1 1 -1 1 -1 -1 1 -1 -1 -1 -1 -1 -1 1 1 -1 -1 -1 1 1 1 1 1 -1 1 -1 1 1 1 1 -1 1 -1 -1 1 
1 -1 1 1 1 -1 1 1 1 -1 1 -1 -1 -1 -1 -1 -1 -1 -1 -1 1 -1 -1 1 -1 -1 -1 1 1 1 1 1 -1 1 -1 
-1 -1 -1 -1 1 1 1 -1 1 -1 1 -1 1 1 1 -1 -1 -1 1 1 1 -1 -1 1 1 -1 -1 -1 1 1 1 -1 1 1 -1 
-1 -1 -1 1 1 1 -1 -1 -1 -1 -1 -1 -1 -1 1 -1 1 1 -1 1 1 -1 1 1 -1 -1 -1 1 1 -1 1 1 -1 1 1 
-1 -1 -1 1 1 -1 1 1 1 -1 -1 -1 -1 1 -1 -1 -1 -1 1 1 1 1 1 -1 1 -1 -1 -1 -1 1 -1 1 -1 1 1 
-1 -1 1 -1 -1 -1 1 -1 -1 1 -1 -1 1 1 -1 1 1 1 -1 1 1 -1 1 1 1 1 -1 1 -1 1 -1 -1 -1 -1 1 
BrutForce Method: Imbalance = 0 --------- S = 4 6 7 10 



-1 1 1 1 -1 1 -1 -1 1 1 1 1 1 -1 -1 1 1 -1 -1 -1 -1 1 -1 -1 1 -1 -1 -1 1 1 1 -1 1 1 1 
-1 -1 1 -1 1 1 1 1 1 -1 1 1 1 1 1 -1 1 -1 1 -1 -1 1 -1 -1 1 -1 -1 1 -1 -1 1 1 -1 -1 1 
1 1 -1 1 1 1 -1 1 1 1 -1 1 -1 1 -1 1 -1 1 1 1 1 -1 -1 -1 -1 -1 -1 1 -1 -1 1 1 1 1 1 
-1 -1 1 1 -1 -1 -1 1 1 -1 1 -1 1 -1 -1 1 -1 -1 1 -1 1 1 1 1 -1 1 1 -1 1 -1 -1 -1 1 -1 1 
1 1 1 1 -1 1 1 -1 -1 1 1 -1 -1 1 -1 -1 1 -1 1 -1 1 -1 -1 1 1 -1 1 1 -1 -1 -1 1 -1 1 -1 
1 1 1 -1 1 -1 1 -1 -1 -1 -1 1 1 -1 1 -1 -1 -1 -1 -1 1 -1 -1 -1 1 -1 1 1 -1 -1 -1 1 1 1 -1 
BrutForce Method: Imbalance = 2 --------- S = 4 5 



-1 1 -1 -1 1 -1 1 1 -1 -1 1 1 1 1 1 -1 -1 -1 -1 1 -1 1 -1 1 1 -1 1 -1 -1 1 -1 -1 1 1 -1 
1 1 -1 1 1 1 1 -1 -1 1 -1 -1 -1 -1 1 -1 -1 -1 1 1 -1 -1 1 1 -1 1 -1 1 1 1 1 -1 -1 1 -1 
-1 1 1 1 1 1 -1 1 1 -1 1 1 -1 -1 -1 -1 -1 -1 -1 -1 -1 1 -1 1 1 -1 1 -1 1 1 -1 1 -1 1 1 
-1 1 -1 -1 1 1 -1 -1 -1 1 -1 -1 1 1 -1 1 -1 1 -1 -1 -1 1 1 -1 1 -1 -1 1 1 1 -1 -1 1 -1 1 
-1 -1 -1 -1 -1 -1 -1 -1 -1 1 -1 -1 -1 1 1 -1 -1 1 -1 -1 -1 -1 -1 -1 1 -1 -1 1 1 -1 1 1 -1 -1 1 
-1 -1 -1 1 1 1 -1 1 1 1 -1 1 1 -1 -1 -1 1 1 -1 1 -1 -1 -1 1 -1 1 -1 1 -1 1 -1 1 1 -1 -1 
BrutForce Method: Imbalance = 0 --------- S = 10 11 



1 1 -1 1 1 1 1 -1 1 -1 -1 -1 1 1 1 1 -1 1 -1 1 -1 1 1 1 -1 -1 -1 -1 -1 1 1 1 -1 1 1 
-1 -1 1 -1 -1 -1 1 -1 1 1 -1 -1 -1 -1 -1 -1 -1 1 1 1 -1 -1 -1 1 1 1 -1 1 1 1 -1 1 -1 -1 -1 
-1 1 1 1 -1 -1 1 -1 -1 -1 -1 -1 -1 -1 -1 1 1 1 1 1 -1 1 1 -1 1 1 1 1 -1 -1 -1 1 1 -1 -1 
-1 1 -1 -1 1 -1 -1 1 1 -1 1 -1 -1 -1 1 -1 -1 1 1 -1 -1 1 1 -1 1 1 1 -1 1 -1 1 1 -1 -1 1 
-1 1 1 -1 -1 1 -1 -1 -1 -1 1 -1 1 1 1 -1 -1 -1 -1 -1 -1 -1 1 1 -1 1 1 -1 1 1 1 1 -1 1 -1 
1 -1 -1 -1 1 -1 -1 -1 -1 -1 1 -1 -1 -1 1 1 1 -1 -1 -1 1 1 -1 1 -1 -1 -1 1 -1 -1 -1 -1 1 1 1 
BrutForce Method: Imbalance = 0 --------- S = 3 5 



1 -1 1 1 -1 1 1 -1 1 -1 1 1 -1 1 -1 -1 1 1 1 1 1 -1 1 1 -1 -1 -1 1 1 1 -1 -1 1 -1 1 
-1 1 -1 -1 1 1 -1 1 1 1 1 -1 -1 1 -1 1 -1 -1 -1 1 -1 -1 1 1 -1 1 -1 1 1 1 1 1 -1 -1 1 
-1 -1 -1 1 -1 -1 -1 1 1 -1 1 -1 -1 -1 -1 1 -1 1 1 -1 -1 -1 -1 -1 -1 -1 1 -1 1 -1 -1 1 1 1 -1 
-1 1 -1 -1 1 1 -1 -1 -1 1 1 1 1 1 -1 1 -1 -1 1 -1 1 -1 -1 1 1 1 1 1 -1 1 1 1 1 -1 -1 
1 -1 1 1 -1 -1 -1 -1 -1 1 -1 -1 -1 1 1 -1 -1 -1 -1 -1 -1 1 1 -1 1 -1 1 -1 -1 -1 1 -1 1 1 1 
1 1 1 1 1 -1 -1 1 -1 1 -1 1 -1 -1 1 1 -1 -1 1 -1 -1 -1 -1 -1 1 1 1 -1 -1 1 -1 -1 -1 -1 1 
BrutForce Method: Imbalance = 0 --------- S = 4 9 10 13 



-1 1 -1 -1 -1 1 1 -1 -1 -1 1 -1 1 1 1 -1 1 1 1 1 -1 1 -1 1 1 1 1 -1 1 -1 1 1 -1 -1 -1 
1 1 -1 -1 1 1 1 1 1 1 -1 -1 1 -1 -1 -1 -1 -1 1 1 -1 -1 1 1 -1 1 -1 -1 1 -1 1 -1 -1 -1 1 
1 -1 1 -1 -1 1 1 -1 -1 -1 -1 -1 1 -1 1 1 -1 1 -1 1 -1 -1 -1 1 1 1 -1 1 -1 1 1 -1 -1 1 -1 
1 1 -1 1 1 1 1 -1 1 -1 -1 -1 -1 1 -1 1 1 1 -1 1 1 1 -1 1 -1 1 1 1 1 1 1 1 1 1 -1 
-1 -1 1 -1 -1 -1 1 1 -1 1 -1 1 -1 -1 1 -1 1 -1 -1 -1 1 -1 1 -1 1 1 -1 1 1 1 1 1 1 -1 1 
1 1 1 -1 1 -1 1 -1 -1 1 -1 -1 1 1 -1 -1 1 1 -1 1 -1 -1 1 1 -1 -1 1 1 1 -1 -1 -1 1 -1 1 
BrutForce Method: Imbalance = 0 --------- S = 3 7 9 11 



-1 1 -1 1 1 -1 -1 1 1 1 1 1 -1 1 -1 1 1 1 -1 -1 1 -1 -1 -1 1 1 -1 1 1 -1 -1 1 -1 1 1 
-1 1 1 1 -1 1 1 1 1 1 -1 -1 -1 1 -1 1 -1 1 1 1 -1 1 1 1 -1 -1 1 1 -1 1 -1 -1 1 -1 1 
-1 -1 1 1 -1 1 -1 -1 -1 -1 -1 -1 1 -1 -1 1 1 1 1 1 -1 -1 1 1 -1 1 1 -1 1 1 -1 1 1 1 1 
-1 1 -1 1 1 1 1 1 -1 -1 1 1 1 1 -1 1 -1 -1 1 1 1 -1 -1 1 -1 1 -1 -1 1 1 1 1 1 -1 -1 
1 -1 1 1 -1 -1 -1 1 1 1 1 1 -1 1 1 -1 1 1 -1 1 1 1 1 -1 -1 1 -1 1 -1 1 -1 -1 -1 -1 1 
-1 1 -1 -1 -1 -1 1 -1 1 1 -1 -1 1 1 -1 1 1 1 -1 -1 -1 -1 -1 1 1 1 1 1 -1 1 -1 -1 1 -1 1 
BrutForce Method: Imbalance = 0 --------- S = 3 5 9 13 



1 1 1 1 1 1 -1 -1 1 -1 -1 1 -1 -1 1 1 -1 -1 -1 -1 -1 -1 1 1 1 1 -1 1 1 -1 -1 1 1 -1 -1 
-1 1 1 1 1 -1 1 -1 -1 -1 -1 -1 -1 1 -1 -1 -1 -1 -1 1 -1 -1 1 -1 -1 -1 -1 1 -1 -1 1 1 1 1 1 
-1 1 -1 -1 1 -1 -1 1 1 1 -1 1 1 1 -1 1 1 1 1 1 1 1 1 1 -1 1 1 -1 1 1 1 1 -1 -1 -1 
1 -1 -1 -1 -1 1 1 -1 1 -1 -1 -1 1 -1 -1 1 1 -1 1 -1 -1 1 1 -1 -1 1 -1 -1 -1 -1 1 1 -1 -1 1 
1 -1 1 1 -1 1 1 1 -1 -1 -1 -1 1 -1 1 -1 -1 -1 1 -1 1 1 1 1 1 -1 1 1 1 1 -1 -1 1 -1 1 
1 1 -1 1 1 1 1 -1 1 -1 -1 -1 1 -1 1 1 1 -1 -1 1 1 -1 -1 1 1 1 1 1 1 1 -1 1 1 -1 -1 
BrutForce Method: Imbalance = 0 --------- S = 3 7 9 10 



1 1 -1 -1 -1 -1 1 -1 1 -1 -1 -1 -1 -1 1 1 1 1 -1 -1 1 -1 1 -1 -1 1 1 1 1 -1 1 1 1 1 1 
1 1 1 1 1 1 -1 -1 -1 1 -1 1 1 1 -1 -1 1 1 1 -1 -1 -1 1 1 -1 -1 -1 1 -1 -1 -1 1 1 -1 -1 
-1 1 -1 -1 1 -1 1 -1 -1 1 1 1 -1 1 -1 1 -1 -1 -1 -1 -1 1 1 1 -1 1 1 -1 1 -1 -1 1 1 -1 1 
-1 1 -1 -1 1 -1 1 -1 1 -1 -1 1 1 -1 1 1 1 1 1 -1 1 1 -1 1 1 1 -1 -1 1 1 1 1 1 -1 1 
-1 -1 1 1 1 1 1 1 1 -1 1 1 1 1 1 -1 -1 -1 -1 1 -1 -1 1 -1 -1 1 1 1 1 1 -1 1 -1 1 1 
1 1 1 -1 1 -1 -1 -1 -1 1 -1 -1 1 -1 1 1 1 1 -1 1 1 1 1 -1 -1 1 -1 1 1 1 1 1 -1 -1 1 
BrutForce Method: Imbalance = 0 --------- S = 2 8 



1 1 1 -1 1 1 -1 1 1 -1 -1 1 1 -1 -1 -1 -1 -1 1 1 -1 1 -1 -1 -1 1 -1 -1 -1 -1 -1 -1 -1 -1 1 
1 1 -1 1 -1 -1 1 -1 -1 1 1 1 -1 -1 1 -1 -1 -1 -1 1 -1 1 1 -1 -1 1 -1 -1 -1 1 -1 1 1 1 1 
1 -1 -1 1 -1 -1 -1 -1 1 1 -1 -1 -1 -1 1 1 1 -1 -1 1 1 -1 1 -1 1 1 1 -1 1 1 1 -1 -1 -1 -1 
1 -1 1 -1 -1 1 -1 1 1 1 -1 1 1 -1 1 -1 -1 -1 1 1 1 -1 -1 -1 -1 1 -1 -1 1 -1 -1 1 -1 1 1 
-1 1 1 1 1 -1 1 -1 -1 1 -1 -1 1 1 1 -1 1 1 -1 1 -1 -1 -1 -1 -1 1 1 1 -1 1 1 -1 -1 1 -1 
1 -1 1 1 -1 -1 1 -1 1 1 -1 1 1 -1 1 1 -1 -1 -1 1 1 -1 1 -1 1 1 1 1 1 1 1 -1 1 1 -1 
BrutForce Method: Imbalance = 0 --------- S = 4 6 



1 -1 -1 -1 1 1 -1 1 -1 1 1 1 -1 -1 -1 -1 1 -1 -1 1 1 1 1 -1 1 -1 -1 -1 1 -1 -1 -1 -1 -1 1 
-1 1 1 -1 1 -1 1 1 1 1 -1 1 1 -1 -1 1 1 1 1 -1 1 1 1 -1 1 -1 1 1 -1 -1 -1 1 -1 -1 1 
1 1 1 -1 -1 1 -1 -1 1 -1 1 -1 -1 1 -1 1 -1 -1 1 -1 -1 1 -1 1 1 -1 -1 1 1 1 -1 1 1 -1 1 
1 -1 -1 -1 1 -1 1 1 -1 -1 1 -1 1 1 -1 -1 -1 -1 1 -1 1 1 1 1 1 1 -1 1 1 -1 -1 -1 1 1 -1 
1 1 1 1 1 -1 1 1 1 -1 1 -1 -1 1 -1 1 -1 -1 1 1 -1 1 1 1 -1 -1 1 -1 1 -1 1 1 1 1 -1 
1 1 1 1 -1 1 -1 -1 1 1 -1 1 -1 1 1 1 1 -1 -1 -1 1 -1 -1 -1 -1 -1 1 -1 1 1 1 -1 1 -1 1 
BrutForce Method: Imbalance = 0 --------- S = 6 7 



1 -1 1 -1 -1 1 -1 1 -1 1 -1 1 1 -1 -1 1 1 -1 1 -1 -1 1 1 -1 1 1 1 1 -1 -1 1 -1 1 1 -1 
-1 -1 1 1 1 -1 1 -1 -1 1 1 -1 -1 1 -1 1 1 -1 1 -1 -1 -1 -1 -1 1 -1 -1 1 1 -1 1 -1 1 1 -1 
1 -1 1 1 -1 -1 -1 -1 1 -1 1 1 -1 -1 1 1 1 1 -1 1 1 1 -1 -1 1 -1 1 -1 1 1 1 -1 -1 -1 1 
-1 1 1 1 -1 -1 1 1 1 1 1 -1 -1 1 1 -1 -1 1 1 1 1 -1 1 -1 1 -1 1 -1 1 1 -1 -1 -1 -1 -1 
1 1 1 -1 -1 1 1 1 1 1 -1 1 1 -1 -1 -1 1 -1 -1 -1 1 1 1 -1 -1 -1 1 -1 -1 1 1 1 1 1 -1 
-1 -1 1 1 1 1 -1 1 1 1 1 -1 -1 1 1 -1 1 -1 1 1 -1 1 -1 1 1 -1 1 1 -1 1 -1 1 1 1 -1 
BrutForce Method: Imbalance = 0 --------- S = 4 13 



1 1 1 1 1 -1 -1 1 -1 -1 -1 1 1 -1 -1 -1 -1 1 -1 1 1 -1 1 1 1 -1 1 -1 -1 -1 -1 -1 -1 -1 1 
1 -1 1 1 1 1 1 1 -1 -1 -1 1 -1 -1 -1 1 1 1 -1 -1 1 1 1 -1 1 1 1 1 1 -1 1 1 1 1 -1 
-1 -1 1 -1 1 1 -1 -1 1 -1 1 1 -1 1 1 1 -1 1 1 -1 1 1 -1 1 1 -1 1 1 1 1 1 -1 1 -1 -1 
1 -1 1 1 1 -1 -1 -1 1 1 -1 -1 -1 1 1 1 -1 -1 1 1 1 -1 1 1 1 1 1 -1 1 1 -1 -1 1 1 1 
-1 1 -1 -1 -1 1 1 -1 -1 -1 1 1 1 1 -1 1 1 1 -1 1 -1 -1 1 -1 -1 1 -1 1 -1 -1 1 1 1 -1 -1 
1 1 -1 1 -1 1 -1 -1 1 1 -1 -1 1 -1 -1 1 1 -1 -1 1 -1 1 1 -1 -1 1 -1 1 1 1 -1 -1 1 1 -1 
BrutForce Method: Imbalance = 0 --------- S = 2 3 7 9 



1 1 -1 1 1 1 -1 1 1 -1 -1 -1 1 -1 -1 -1 -1 1 1 -1 -1 1 -1 -1 1 -1 1 -1 1 -1 -1 1 -1 1 -1 
-1 1 -1 -1 -1 1 -1 -1 -1 -1 -1 1 -1 -1 -1 -1 1 1 1 -1 1 -1 -1 1 1 -1 -1 1 -1 -1 1 1 1 -1 -1 
-1 -1 -1 1 1 1 1 -1 -1 1 -1 -1 -1 -1 1 1 1 -1 1 1 1 -1 -1 -1 1 -1 -1 1 -1 -1 -1 1 -1 -1 1 
-1 1 1 1 1 1 1 1 -1 -1 1 -1 -1 1 -1 -1 1 -1 1 1 1 1 -1 1 1 -1 1 1 -1 -1 1 1 1 -1 1 
1 -1 -1 1 1 1 1 -1 1 -1 1 -1 1 1 -1 1 -1 -1 -1 1 1 -1 -1 1 1 -1 -1 -1 1 -1 1 -1 1 -1 1 
-1 -1 -1 1 1 -1 -1 -1 1 -1 -1 1 1 -1 1 -1 1 1 -1 -1 -1 1 1 -1 -1 1 -1 1 -1 -1 -1 -1 -1 1 1 
BrutForce Method: Imbalance = 2 --------- S = 4 12 



-1 1 1 1 -1 -1 -1 -1 -1 1 1 -1 -1 1 1 1 -1 -1 -1 -1 -1 1 -1 -1 -1 -1 -1 -1 -1 -1 1 -1 1 -1 -1 
-1 -1 -1 1 -1 1 1 1 1 1 -1 1 1 1 1 -1 1 -1 -1 -1 -1 -1 -1 -1 -1 -1 1 1 -1 1 1 1 -1 -1 1 
1 -1 -1 -1 -1 1 1 1 -1 -1 -1 1 -1 -1 1 -1 -1 1 -1 -1 -1 -1 -1 -1 -1 1 -1 1 -1 1 1 1 -1 1 1 
-1 -1 -1 1 -1 1 -1 1 -1 -1 -1 1 1 -1 1 1 -1 -1 1 1 -1 1 1 -1 1 1 -1 1 1 1 1 -1 1 -1 1 
-1 -1 1 1 -1 -1 1 -1 -1 -1 -1 1 1 -1 1 1 1 1 1 1 -1 1 1 -1 -1 1 1 -1 1 -1 -1 -1 -1 1 -1 
-1 1 1 -1 -1 -1 -1 1 1 -1 -1 1 1 -1 1 -1 1 -1 1 -1 1 1 1 1 1 -1 -1 1 -1 -1 -1 1 1 1 1 
BrutForce Method: Imbalance = 0 --------- S = 3 6 



1 -1 -1 1 -1 -1 1 -1 1 -1 1 1 1 -1 -1 1 1 -1 1 -1 -1 -1 1 1 -1 -1 1 -1 -1 1 1 1 -1 -1 1 
1 -1 -1 -1 1 1 -1 1 -1 -1 -1 1 -1 -1 1 1 1 1 1 -1 1 -1 1 1 -1 -1 -1 1 -1 -1 1 1 1 -1 -1 
-1 -1 -1 1 -1 1 1 -1 1 -1 -1 1 1 -1 1 -1 -1 -1 1 1 -1 -1 1 -1 -1 1 -1 -1 -1 1 -1 -1 1 -1 1 
-1 1 -1 1 1 -1 -1 -1 1 1 -1 -1 1 -1 1 -1 -1 -1 -1 1 -1 1 1 1 1 -1 -1 -1 -1 -1 1 -1 1 -1 1 
-1 1 1 1 1 1 1 1 -1 1 1 -1 1 1 1 1 -1 1 -1 -1 -1 1 -1 -1 -1 -1 -1 -1 -1 -1 1 1 1 -1 -1 
-1 -1 1 -1 -1 -1 1 1 1 -1 1 1 1 -1 1 1 -1 1 1 -1 -1 -1 -1 -1 1 1 -1 -1 1 -1 1 1 -1 1 1 
BrutForce Method: Imbalance = 0 --------- S = 2 12 



1 1 -1 1 -1 1 1 1 -1 1 1 -1 -1 1 1 1 -1 -1 -1 -1 -1 -1 -1 1 -1 1 -1 1 1 -1 -1 1 -1 -1 1 
1 -1 1 -1 -1 -1 -1 -1 1 1 -1 1 1 -1 -1 -1 1 1 -1 -1 -1 -1 1 1 -1 1 1 -1 1 -1 1 -1 1 1 -1 
-1 -1 1 1 -1 1 1 -1 1 1 1 1 -1 1 -1 -1 1 -1 -1 1 -1 -1 -1 -1 1 1 1 1 -1 1 -1 1 1 1 -1 
-1 1 1 1 -1 -1 1 1 1 -1 -1 -1 1 -1 1 1 -1 1 1 1 1 -1 1 -1 -1 -1 -1 -1 1 1 1 1 -1 -1 1 
1 -1 1 -1 -1 -1 1 -1 1 -1 -1 1 1 -1 -1 1 -1 -1 -1 -1 1 -1 -1 1 -1 -1 1 1 -1 1 1 1 -1 -1 -1 
-1 -1 1 1 -1 -1 -1 -1 1 -1 -1 1 -1 1 1 1 -1 -1 1 -1 1 -1 1 -1 1 1 -1 1 -1 -1 1 -1 -1 1 1 
BrutForce Method: Imbalance = 0 --------- S = 1 3 4 5 



-1 1 -1 1 -1 1 -1 1 -1 1 -1 -1 -1 1 -1 1 -1 1 1 -1 -1 1 1 1 -1 1 -1 -1 1 1 -1 -1 -1 1 -1 
-1 -1 1 1 1 1 -1 1 1 1 1 -1 -1 1 -1 1 -1 -1 -1 1 1 1 -1 -1 1 -1 -1 -1 -1 -1 -1 1 -1 1 -1 
-1 -1 1 1 -1 -1 1 1 1 1 -1 1 1 1 -1 1 -1 -1 1 -1 1 1 -1 -1 1 1 -1 1 1 -1 -1 -1 1 1 -1 
1 1 1 -1 1 -1 1 1 -1 -1 -1 -1 -1 -1 -1 -1 1 1 1 1 -1 -1 -1 -1 1 1 -1 1 1 -1 1 -1 1 1 1 
1 -1 -1 -1 1 -1 -1 -1 1 1 1 1 1 -1 1 -1 1 -1 -1 1 1 1 1 -1 1 -1 -1 1 1 -1 1 1 1 1 1 
1 1 1 1 1 1 -1 1 -1 -1 1 1 1 1 1 -1 -1 1 1 1 1 -1 -1 -1 -1 -1 1 1 -1 -1 -1 1 -1 1 -1 
BrutForce Method: Imbalance = 0 --------- S = 2 9 



-1 1 -1 1 -1 -1 1 1 1 1 1 1 1 -1 -1 -1 -1 1 -1 1 -1 -1 1 -1 -1 1 -1 1 1 1 1 1 1 1 -1 
1 -1 -1 -1 -1 1 1 -1 1 -1 -1 -1 1 -1 -1 1 -1 1 1 -1 1 -1 -1 1 1 -1 1 -1 -1 -1 1 -1 1 1 -1 
-1 -1 1 -1 -1 1 1 -1 1 1 1 -1 -1 -1 1 1 1 -1 1 1 -1 1 -1 1 1 1 1 1 -1 1 -1 -1 1 1 -1 
-1 1 -1 -1 -1 -1 1 -1 -1 -1 -1 -1 1 -1 -1 -1 -1 -1 -1 -1 1 1 -1 -1 1 1 1 1 1 -1 -1 1 -1 1 1 
1 1 1 1 -1 -1 1 -1 -1 -1 -1 1 -1 -1 1 1 -1 -1 1 1 -1 -1 1 1 -1 -1 -1 1 1 -1 1 -1 1 1 -1 
1 1 1 -1 1 -1 1 1 -1 1 1 1 1 1 1 -1 1 -1 -1 -1 1 -1 1 -1 -1 1 1 -1 1 1 -1 1 -1 1 -1 
BrutForce Method: Imbalance = 0 --------- S = 2 6 



-1 1 1 1 1 1 -1 -1 -1 -1 -1 1 -1 1 1 -1 -1 -1 1 1 -1 1 1 1 -1 1 1 1 -1 -1 -1 -1 1 1 1 
1 -1 -1 1 -1 1 -1 -1 -1 -1 -1 1 -1 -1 -1 1 1 -1 -1 1 1 -1 -1 1 -1 1 1 -1 -1 -1 -1 -1 -1 -1 -1 
1 -1 1 1 1 -1 1 -1 -1 1 1 -1 1 1 -1 -1 -1 1 1 1 -1 1 1 1 -1 1 -1 -1 1 -1 -1 1 1 -1 1 
1 -1 1 1 1 1 1 -1 -1 1 1 1 1 -1 1 -1 -1 1 1 1 -1 -1 1 1 -1 -1 1 -1 -1 1 -1 -1 -1 -1 1 
1 -1 1 1 -1 1 -1 -1 -1 1 -1 1 -1 1 -1 -1 -1 -1 -1 1 -1 1 -1 -1 -1 1 -1 1 -1 1 1 1 -1 -1 1 
-1 -1 -1 -1 -1 1 1 -1 -1 -1 -1 -1 1 -1 -1 1 1 1 -1 -1 1 1 -1 1 1 -1 -1 1 1 1 1 -1 1 1 -1 
BrutForce Method: Imbalance = 2 --------- S = 1 2 



