n = 27   m = 9   k = 10

            
1 1 -1 1 1 -1 -1 1 1 -1 1 -1 -1 1 -1 1 -1 1 -1 -1 -1 -1 1 -1 -1 -1 1 
1 1 -1 1 -1 -1 1 -1 -1 -1 1 1 -1 1 -1 -1 -1 -1 1 1 -1 1 -1 -1 1 -1 1 
-1 1 -1 1 -1 1 -1 1 1 -1 -1 -1 -1 1 1 -1 -1 1 -1 -1 -1 -1 1 1 1 -1 -1 
1 1 -1 1 -1 -1 -1 -1 -1 -1 1 -1 -1 -1 -1 -1 1 -1 -1 -1 1 1 -1 1 1 -1 -1 
1 1 -1 1 -1 -1 -1 -1 1 -1 -1 1 -1 -1 1 1 1 -1 -1 -1 1 1 -1 1 1 1 1 
-1 1 -1 1 -1 -1 -1 -1 1 -1 1 -1 1 1 1 -1 1 1 1 -1 -1 1 1 -1 1 1 -1 
1 -1 1 -1 1 1 1 1 -1 -1 -1 -1 -1 1 -1 -1 -1 -1 1 1 -1 -1 -1 1 1 1 -1 
1 1 1 -1 -1 -1 1 1 -1 1 -1 -1 1 1 1 1 1 1 -1 1 -1 -1 -1 -1 -1 1 -1 
-1 -1 1 1 -1 1 -1 -1 -1 -1 -1 -1 -1 -1 1 1 1 1 1 -1 -1 -1 1 1 -1 1 1 
BrutForce Method: Imbalance = 0 --------- S = 1 4 6 13 
        
        
        
-1 -1 -1 1 -1 1 1 -1 -1 -1 1 -1 -1 -1 -1 -1 -1 -1 1 1 1 -1 -1 1 1 1 -1 
-1 -1 1 1 1 -1 1 1 1 1 1 -1 1 -1 -1 -1 -1 1 -1 1 1 -1 -1 -1 1 1 -1 
1 1 1 -1 1 1 1 -1 1 1 -1 -1 1 -1 1 -1 1 1 1 -1 -1 -1 -1 -1 1 1 1 
-1 -1 1 -1 1 -1 -1 -1 1 1 -1 -1 -1 -1 1 -1 1 -1 -1 -1 1 1 -1 -1 1 1 -1 
-1 1 1 1 1 -1 -1 1 1 -1 -1 1 1 1 -1 1 1 1 1 -1 1 -1 1 -1 -1 -1 -1 
1 1 1 1 -1 1 -1 -1 1 -1 -1 1 -1 -1 -1 1 1 1 -1 1 -1 -1 -1 -1 1 1 -1 
1 1 -1 -1 1 1 1 -1 -1 1 1 1 1 -1 1 1 -1 -1 -1 -1 -1 -1 1 1 -1 1 -1 
-1 -1 1 -1 1 -1 1 1 1 -1 1 -1 1 -1 -1 -1 1 1 1 1 -1 1 -1 -1 1 1 1 
1 1 1 -1 1 1 1 -1 1 1 -1 1 -1 -1 1 -1 1 1 1 -1 -1 -1 1 -1 1 -1 -1 
BrutForce Method: Imbalance = 0 --------- S = 4 11 15 17 
        
        
        
-1 1 -1 1 -1 -1 1 1 1 1 -1 1 1 -1 1 1 -1 1 1 1 -1 1 -1 -1 -1 -1 -1 
-1 -1 -1 -1 1 -1 1 1 1 1 -1 1 -1 1 -1 -1 1 1 1 -1 1 -1 -1 1 1 1 1 
-1 -1 -1 1 1 -1 1 -1 -1 1 1 1 -1 -1 1 1 -1 -1 1 1 -1 -1 1 -1 -1 1 1 
-1 -1 -1 1 1 1 1 1 1 1 1 1 1 1 -1 -1 -1 1 -1 -1 1 -1 -1 1 -1 1 1 
1 1 -1 1 1 -1 1 1 -1 -1 -1 1 1 1 -1 1 -1 1 -1 -1 -1 -1 -1 -1 1 1 1 
1 -1 -1 1 1 -1 -1 -1 -1 1 -1 -1 1 1 1 1 1 1 1 -1 -1 -1 1 1 -1 1 -1 
1 -1 -1 1 -1 1 -1 -1 1 -1 -1 1 1 1 1 1 1 1 -1 1 1 -1 -1 -1 1 -1 -1 
1 -1 1 1 -1 1 -1 1 1 -1 -1 -1 1 1 1 1 -1 -1 1 1 -1 -1 -1 -1 1 -1 -1 
-1 -1 -1 1 -1 -1 1 1 1 1 -1 -1 -1 1 -1 -1 1 1 -1 -1 1 1 1 1 -1 1 -1 
BrutForce Method: Imbalance = 0 --------- S = 1 7 8 11 15 17 
        
        
        
-1 -1 -1 1 1 1 1 1 1 1 -1 -1 -1 1 -1 -1 -1 1 -1 1 -1 1 1 -1 1 1 -1 
1 -1 -1 -1 -1 -1 1 -1 1 -1 -1 1 -1 1 1 -1 -1 1 1 -1 1 1 -1 1 1 1 -1 
-1 -1 -1 -1 1 1 1 1 -1 -1 -1 -1 1 1 1 1 -1 -1 -1 -1 -1 -1 1 -1 -1 1 1 
-1 -1 1 1 1 -1 -1 1 1 1 1 1 -1 1 -1 1 1 -1 -1 1 -1 -1 -1 1 1 -1 1 
1 1 1 -1 1 -1 1 -1 -1 -1 -1 1 -1 -1 1 -1 1 1 -1 -1 -1 1 -1 -1 -1 1 -1 
-1 1 -1 -1 1 -1 -1 1 1 -1 1 1 1 -1 1 -1 -1 -1 1 -1 1 -1 1 -1 1 -1 1 
-1 1 -1 -1 -1 -1 -1 1 1 1 -1 -1 1 -1 1 1 1 -1 1 -1 -1 -1 -1 -1 1 -1 -1 
1 1 1 -1 1 -1 1 -1 1 1 1 1 -1 1 -1 -1 -1 -1 -1 1 -1 1 -1 -1 -1 -1 1 
-1 1 -1 1 -1 -1 1 1 1 1 -1 1 1 1 -1 -1 1 -1 -1 -1 -1 1 -1 1 -1 -1 1 
BrutForce Method: Imbalance = 0 --------- S = 1 8 
        
        
        
1 1 -1 1 1 -1 1 -1 1 1 1 -1 -1 1 1 1 -1 1 1 -1 1 1 -1 -1 -1 1 -1 
-1 -1 1 -1 -1 1 1 -1 -1 -1 1 1 -1 1 -1 -1 -1 1 1 1 1 1 1 1 1 1 1 
1 1 -1 -1 -1 -1 -1 1 1 -1 1 1 1 -1 1 -1 1 1 1 1 1 -1 -1 1 1 1 1 
1 1 -1 1 -1 -1 -1 1 -1 1 -1 1 1 -1 -1 -1 -1 1 1 -1 -1 -1 -1 1 -1 -1 1 
1 1 -1 -1 -1 1 1 -1 1 1 -1 1 1 -1 -1 1 -1 -1 -1 -1 -1 1 1 -1 1 -1 1 
-1 1 1 1 1 1 -1 -1 -1 -1 1 -1 1 1 -1 1 1 1 1 1 -1 1 1 1 -1 1 -1 
1 -1 1 -1 1 -1 -1 1 -1 1 1 -1 -1 1 1 -1 1 -1 1 1 -1 1 1 -1 -1 -1 1 
1 1 1 -1 1 -1 -1 -1 -1 1 1 1 1 -1 -1 -1 -1 -1 -1 1 -1 -1 1 1 -1 -1 -1 
1 1 1 1 1 -1 1 -1 -1 -1 -1 1 -1 -1 1 1 1 1 1 1 1 1 1 -1 1 -1 -1 
BrutForce Method: Imbalance = 0 --------- S = 5 7 8 12 13 14 



1 -1 -1 1 -1 -1 1 -1 -1 1 -1 -1 -1 1 -1 1 -1 -1 -1 -1 -1 1 1 -1 1 -1 -1 
1 -1 1 1 -1 -1 -1 -1 -1 1 -1 -1 -1 1 -1 -1 1 -1 1 1 -1 -1 -1 1 -1 1 -1 
1 1 1 1 -1 -1 -1 -1 -1 -1 1 1 1 1 -1 1 1 -1 1 -1 -1 -1 1 1 -1 -1 -1 
-1 1 -1 1 -1 -1 -1 1 -1 -1 -1 1 1 1 1 -1 1 1 1 -1 -1 -1 1 -1 1 1 1 
-1 -1 -1 1 1 -1 -1 1 1 -1 1 -1 -1 1 1 1 1 1 1 1 -1 1 1 -1 1 -1 1 
-1 -1 1 1 1 -1 -1 -1 -1 -1 1 -1 -1 -1 -1 -1 -1 1 1 1 1 1 -1 -1 1 1 1 
-1 1 -1 -1 -1 1 -1 1 1 -1 -1 1 -1 -1 1 1 -1 -1 1 -1 1 -1 1 -1 -1 -1 1 
1 -1 1 -1 -1 1 1 1 -1 1 1 -1 1 1 -1 1 -1 1 -1 -1 -1 -1 -1 -1 -1 1 -1 
1 1 -1 1 -1 1 1 -1 1 -1 1 1 1 1 -1 -1 1 -1 -1 -1 1 -1 1 -1 -1 1 1 
BrutForce Method: Imbalance = 0 --------- S = 7 19 



1 1 1 1 -1 1 -1 1 -1 1 1 -1 -1 -1 1 1 -1 1 -1 -1 1 -1 -1 -1 1 1 1 
1 1 -1 1 1 -1 -1 -1 1 1 1 1 -1 -1 -1 -1 -1 -1 1 -1 -1 1 1 1 -1 1 1 
-1 1 -1 -1 -1 1 -1 -1 -1 -1 1 1 1 1 -1 -1 -1 1 1 -1 1 -1 -1 1 1 -1 -1 
1 1 -1 -1 -1 -1 1 1 -1 -1 1 1 1 -1 1 1 -1 1 1 -1 1 -1 1 -1 -1 1 1 
-1 1 1 1 -1 1 1 -1 -1 1 1 -1 1 -1 1 1 -1 -1 1 -1 1 -1 1 -1 1 1 1 
1 1 1 1 1 -1 -1 -1 1 1 1 1 1 -1 -1 -1 1 1 1 1 1 1 -1 -1 -1 1 -1 
1 -1 -1 -1 1 -1 -1 -1 -1 1 -1 -1 1 -1 1 -1 -1 -1 -1 1 -1 1 -1 -1 -1 -1 -1 
1 1 1 1 1 1 1 -1 -1 1 -1 -1 -1 -1 1 1 -1 -1 1 -1 -1 -1 1 1 -1 -1 -1 
1 -1 1 1 -1 1 -1 1 1 -1 1 1 1 1 -1 -1 -1 1 1 1 1 1 -1 1 -1 1 1 
BrutForce Method: Imbalance = 0 --------- S = 5 11 14 15 



1 1 -1 -1 -1 -1 -1 -1 -1 -1 -1 1 1 1 -1 -1 1 -1 -1 -1 -1 -1 -1 1 1 1 1 
1 1 1 1 1 -1 -1 1 -1 -1 1 1 1 1 1 -1 1 -1 1 -1 -1 -1 -1 1 -1 -1 -1 
-1 1 -1 -1 1 -1 -1 1 1 -1 -1 -1 1 1 -1 -1 -1 1 1 1 1 -1 -1 -1 1 1 1 
1 1 1 1 -1 -1 1 1 -1 1 1 -1 -1 -1 1 1 -1 -1 1 -1 1 -1 -1 -1 1 1 1 
-1 -1 -1 1 1 1 -1 -1 -1 -1 1 1 1 1 1 -1 -1 -1 -1 -1 1 -1 1 1 -1 1 -1 
1 -1 -1 -1 -1 -1 1 1 1 -1 1 -1 -1 1 1 1 1 1 -1 1 -1 -1 1 -1 -1 -1 1 
1 1 1 1 1 1 1 1 -1 1 1 -1 1 -1 1 -1 1 -1 1 -1 -1 -1 1 1 1 -1 -1 
1 -1 -1 1 1 1 1 -1 -1 -1 1 1 1 1 1 -1 1 1 1 1 -1 -1 1 1 -1 1 -1 
1 1 1 -1 1 1 -1 1 1 -1 -1 -1 -1 1 -1 -1 -1 1 -1 1 1 -1 -1 -1 -1 1 -1 
BrutForce Method: Imbalance = 0 --------- S = 10 14 



1 -1 -1 1 1 1 -1 -1 -1 1 1 1 1 1 -1 -1 -1 1 -1 -1 -1 1 -1 -1 1 1 1 
1 -1 -1 -1 1 1 1 1 1 -1 1 1 -1 -1 -1 1 -1 1 -1 1 -1 1 1 -1 -1 -1 -1 
1 1 -1 1 -1 1 -1 -1 1 1 -1 1 1 1 1 -1 1 1 -1 -1 -1 -1 -1 -1 1 -1 -1 
1 1 -1 -1 1 1 1 1 -1 -1 1 -1 1 -1 -1 1 1 -1 1 -1 -1 -1 1 1 1 -1 1 
1 -1 -1 -1 1 1 -1 -1 -1 -1 -1 -1 1 1 1 -1 1 1 1 1 1 1 1 1 1 -1 1 
-1 1 -1 1 1 1 1 1 -1 -1 -1 1 -1 1 1 1 1 1 1 -1 1 1 1 1 -1 1 -1 
-1 1 1 1 -1 1 1 -1 1 1 1 -1 1 -1 1 1 -1 -1 1 -1 1 -1 1 1 -1 1 1 
1 -1 1 -1 1 1 -1 -1 1 1 1 1 1 1 1 -1 -1 1 1 1 1 1 -1 1 1 1 1 
-1 -1 1 -1 1 1 1 -1 1 -1 1 -1 -1 1 -1 1 -1 -1 1 1 -1 -1 1 1 1 -1 -1 
BrutForce Method: Imbalance = 2 --------- S = 11 17 



-1 -1 -1 1 1 -1 -1 -1 -1 1 1 1 1 -1 1 1 1 -1 1 1 1 1 1 1 1 1 -1 
1 -1 -1 -1 1 -1 1 1 -1 -1 1 -1 1 -1 -1 -1 1 -1 1 1 -1 -1 1 1 1 -1 1 
-1 1 -1 -1 -1 1 1 -1 -1 -1 -1 1 1 1 -1 1 -1 1 1 -1 1 -1 -1 -1 1 -1 1 
1 1 1 1 -1 -1 -1 1 -1 1 1 1 -1 1 -1 1 -1 1 -1 -1 1 1 -1 1 1 1 -1 
-1 -1 1 -1 -1 1 -1 1 1 -1 -1 -1 1 1 -1 -1 1 1 -1 1 1 -1 -1 -1 1 1 1 
1 1 -1 1 -1 -1 -1 1 -1 -1 -1 1 -1 -1 -1 -1 1 1 -1 1 -1 -1 1 -1 -1 -1 -1 
1 1 -1 1 1 1 1 -1 -1 -1 1 1 -1 -1 1 -1 1 -1 -1 -1 1 -1 -1 1 1 -1 1 
-1 -1 1 -1 -1 -1 -1 -1 1 1 1 -1 1 1 1 -1 1 1 -1 1 1 1 1 -1 -1 1 1 
1 -1 -1 1 1 -1 -1 -1 1 -1 -1 -1 -1 -1 -1 1 1 -1 1 -1 -1 -1 -1 -1 1 -1 -1 
BrutForce Method: Imbalance = 0 --------- S = 1 9 12 13 



