n = 14   m = 4   k = 100


-1 1 -1 1 1 1 -1 -1 -1 1 1 1 1 1 
-1 1 -1 1 -1 1 -1 1 1 -1 -1 1 1 1 
1 -1 -1 1 1 -1 -1 1 -1 1 1 -1 -1 1 
1 1 1 1 -1 -1 1 -1 -1 1 1 -1 1 1 
BrutForce Method: Imbalance = 0 --------- S = 1 



1 -1 1 -1 1 1 -1 1 1 1 1 -1 1 1 
-1 -1 1 -1 1 -1 -1 1 1 1 1 1 1 -1 
-1 1 1 1 -1 1 1 1 1 1 -1 -1 1 -1 
1 1 -1 1 1 -1 1 -1 -1 1 1 1 1 -1 
BrutForce Method: Imbalance = 0 --------- S = 1 



1 -1 1 1 1 1 -1 -1 -1 -1 -1 1 -1 -1 
-1 -1 -1 -1 1 1 -1 1 1 -1 -1 1 1 -1 
1 -1 -1 1 1 -1 1 1 -1 -1 1 1 -1 -1 
-1 -1 1 -1 1 1 -1 1 -1 1 1 1 1 1 
BrutForce Method: Imbalance = 0 --------- S = 1 



1 -1 1 -1 -1 1 -1 1 -1 1 -1 -1 1 -1 
-1 -1 1 1 1 -1 1 -1 -1 1 1 -1 1 -1 
1 -1 1 1 1 1 -1 1 -1 1 1 1 1 1 
1 -1 -1 -1 1 -1 -1 1 -1 -1 1 -1 1 -1 
BrutForce Method: Imbalance = 0 --------- S = 1 



1 1 -1 1 -1 -1 1 -1 1 -1 -1 1 -1 1 
-1 1 1 -1 -1 -1 -1 -1 1 -1 -1 -1 -1 -1 
1 -1 1 1 1 1 1 1 1 1 1 -1 1 1 
-1 -1 -1 1 1 1 -1 1 -1 -1 1 -1 1 1 
BrutForce Method: Imbalance = 0 --------- S = 1 



1 1 -1 -1 1 -1 -1 1 1 -1 1 -1 1 -1 
-1 1 1 -1 -1 -1 -1 1 -1 -1 1 -1 1 1 
1 1 1 -1 1 -1 1 1 -1 1 1 -1 -1 -1 
-1 -1 -1 -1 1 -1 -1 1 1 1 -1 -1 1 -1 
BrutForce Method: Imbalance = 0 --------- S = 1 



-1 1 -1 1 1 -1 -1 -1 -1 1 -1 1 -1 1 
1 -1 1 -1 1 1 1 -1 1 1 -1 -1 -1 1 
-1 -1 -1 1 1 1 -1 1 1 -1 1 1 -1 1 
-1 -1 -1 1 -1 1 1 1 1 1 1 -1 -1 -1 
BrutForce Method: Imbalance = 0 --------- S = 1 



-1 1 1 1 -1 -1 -1 -1 1 1 -1 1 1 1 
1 1 -1 1 -1 1 -1 1 -1 1 1 -1 1 -1 
-1 -1 1 1 1 1 1 1 -1 1 1 -1 1 1 
-1 -1 1 1 1 -1 1 -1 1 1 1 -1 1 1 
BrutForce Method: Imbalance = 0 --------- S = 1 



1 -1 1 1 1 1 1 -1 -1 1 -1 -1 -1 1 
-1 -1 -1 1 1 1 -1 -1 1 1 -1 1 -1 -1 
1 -1 1 -1 -1 1 1 -1 -1 1 1 1 1 1 
1 -1 1 -1 -1 -1 -1 -1 -1 -1 -1 -1 -1 -1 
BrutForce Method: Imbalance = 0 --------- S = 1 



-1 -1 1 1 -1 -1 1 -1 -1 -1 1 1 1 -1 
1 -1 1 1 -1 -1 -1 -1 -1 -1 -1 1 1 -1 
1 -1 1 1 -1 1 -1 -1 1 -1 -1 -1 -1 -1 
1 1 1 -1 1 1 1 -1 1 1 1 -1 1 1 
BrutForce Method: Imbalance = 0 --------- S = 1 



1 1 -1 -1 -1 1 -1 1 -1 1 1 1 -1 -1 
-1 -1 -1 -1 1 -1 1 1 1 -1 1 -1 -1 -1 
1 -1 -1 1 1 -1 -1 -1 1 -1 -1 1 1 1 
-1 1 -1 -1 1 -1 -1 1 -1 1 -1 -1 -1 1 
BrutForce Method: Imbalance = 0 --------- S = 1 



1 1 -1 1 -1 -1 -1 -1 -1 1 1 1 -1 -1 
-1 1 -1 1 -1 -1 -1 1 -1 1 1 -1 -1 1 
1 1 1 -1 1 -1 1 1 1 1 1 1 1 1 
1 1 1 1 1 1 1 -1 -1 -1 -1 -1 1 1 
BrutForce Method: Imbalance = 0 --------- S = 1 



1 1 1 -1 -1 1 -1 -1 1 -1 1 1 1 1 
1 -1 -1 1 -1 1 1 -1 -1 1 -1 -1 1 1 
1 -1 -1 -1 -1 1 -1 1 -1 1 -1 1 -1 1 
1 1 1 -1 -1 -1 -1 -1 1 1 1 1 1 1 
BrutForce Method: Imbalance = 0 --------- S = 1 



-1 1 -1 1 1 -1 1 1 1 1 -1 -1 1 1 
-1 -1 1 1 1 -1 1 -1 1 1 1 1 1 1 
-1 1 1 -1 1 1 -1 -1 1 -1 1 -1 -1 1 
1 1 1 -1 -1 1 -1 -1 -1 -1 1 -1 1 1 
BrutForce Method: Imbalance = 0 --------- S = 1 



1 1 -1 1 -1 -1 1 1 1 -1 1 1 1 1 
1 -1 1 -1 1 1 1 1 -1 -1 -1 1 1 1 
1 -1 -1 -1 1 1 1 1 1 1 1 1 1 1 
-1 -1 1 -1 -1 1 -1 1 1 1 -1 -1 1 1 
BrutForce Method: Imbalance = 0 --------- S = 1 



1 -1 -1 1 1 -1 -1 -1 -1 1 -1 -1 -1 1 
1 -1 1 -1 1 -1 1 -1 1 1 -1 1 -1 1 
-1 -1 -1 -1 1 1 -1 1 -1 1 -1 -1 -1 1 
1 1 1 1 -1 -1 -1 1 1 -1 1 -1 -1 1 
BrutForce Method: Imbalance = 0 --------- S = 1 



-1 -1 1 -1 1 -1 -1 -1 1 1 1 1 -1 -1 
-1 1 1 1 1 -1 -1 -1 1 -1 -1 1 -1 -1 
1 1 1 -1 -1 -1 1 1 1 1 1 -1 1 -1 
-1 -1 1 -1 1 1 1 -1 -1 -1 1 -1 -1 1 
BrutForce Method: Imbalance = 0 --------- S = 1 



-1 1 -1 -1 1 -1 1 -1 1 1 1 -1 -1 1 
1 1 -1 1 -1 1 1 1 -1 1 1 1 -1 -1 
1 1 -1 -1 1 1 1 1 -1 1 1 -1 1 1 
1 -1 -1 1 -1 -1 1 -1 -1 -1 1 1 1 1 
BrutForce Method: Imbalance = 0 --------- S = 1 



1 -1 -1 -1 1 1 1 1 1 1 1 -1 -1 1 
-1 -1 -1 1 -1 -1 -1 -1 1 -1 -1 1 1 -1 
1 -1 1 1 1 1 -1 -1 1 -1 1 1 -1 1 
1 1 1 1 -1 -1 1 1 1 -1 -1 1 -1 -1 
BrutForce Method: Imbalance = 0 --------- S = 1 



-1 -1 -1 -1 1 -1 -1 1 -1 -1 -1 1 -1 -1 
1 1 -1 1 -1 1 -1 -1 -1 -1 -1 1 1 -1 
-1 -1 -1 1 1 -1 1 -1 1 1 -1 -1 1 -1 
1 1 -1 1 1 1 1 -1 1 -1 1 -1 -1 -1 
BrutForce Method: Imbalance = 0 --------- S = 1 



1 -1 1 -1 1 1 -1 -1 -1 1 -1 -1 -1 1 
-1 1 -1 -1 1 1 -1 -1 1 -1 -1 -1 1 -1 
-1 -1 -1 -1 -1 1 -1 1 1 1 1 1 1 1 
-1 -1 1 1 1 -1 1 -1 -1 -1 -1 -1 1 -1 
BrutForce Method: Imbalance = 0 --------- S = 1 



-1 1 -1 -1 -1 -1 -1 1 1 1 1 1 -1 1 
-1 1 -1 -1 1 -1 -1 1 -1 -1 1 1 -1 -1 
-1 -1 1 -1 1 -1 1 -1 -1 1 1 1 1 -1 
1 1 1 1 1 -1 -1 -1 1 -1 -1 1 1 1 
BrutForce Method: Imbalance = 0 --------- S = 1 



1 -1 -1 -1 -1 -1 1 -1 -1 -1 1 -1 1 1 
1 -1 -1 -1 1 1 1 1 -1 1 1 -1 -1 -1 
1 1 -1 -1 1 1 -1 -1 -1 1 1 1 1 1 
-1 1 1 1 -1 -1 1 -1 -1 -1 -1 -1 -1 1 
BrutForce Method: Imbalance = 0 --------- S = 1 



1 -1 1 1 -1 -1 -1 1 1 -1 -1 1 1 -1 
-1 1 -1 -1 1 1 -1 1 1 1 1 1 -1 -1 
-1 1 1 1 -1 1 -1 -1 1 1 -1 -1 1 -1 
-1 -1 1 -1 1 1 -1 1 1 -1 1 -1 1 -1 
BrutForce Method: Imbalance = 0 --------- S = 1 



1 -1 1 1 1 -1 1 1 -1 1 -1 1 1 -1 
1 1 1 -1 1 1 1 -1 1 1 1 -1 -1 1 
-1 1 1 1 -1 -1 1 1 1 -1 -1 -1 1 -1 
-1 1 -1 1 1 1 -1 -1 -1 -1 1 -1 1 1 
BrutForce Method: Imbalance = 0 --------- S = 1 



1 1 1 -1 1 1 -1 1 -1 -1 -1 1 -1 -1 
-1 -1 -1 -1 -1 1 -1 1 1 1 1 -1 1 1 
-1 -1 -1 1 -1 -1 1 1 -1 -1 1 -1 -1 1 
-1 1 -1 1 -1 1 1 1 -1 -1 1 1 1 -1 
BrutForce Method: Imbalance = 0 --------- S = 1 



-1 1 1 1 1 -1 -1 1 -1 -1 1 -1 -1 -1 
-1 -1 1 1 1 1 -1 1 1 1 1 1 -1 -1 
1 -1 1 1 1 -1 -1 1 1 1 1 1 1 -1 
1 -1 -1 1 -1 -1 1 1 -1 1 1 -1 -1 1 
BrutForce Method: Imbalance = 0 --------- S = 1 



-1 -1 1 1 1 1 1 -1 1 -1 -1 -1 -1 1 
1 1 1 -1 -1 -1 1 -1 -1 -1 1 1 -1 -1 
1 -1 -1 -1 1 -1 1 1 -1 -1 1 1 -1 -1 
-1 1 -1 -1 -1 -1 1 -1 -1 -1 1 -1 1 -1 
BrutForce Method: Imbalance = 0 --------- S = 1 



1 -1 -1 -1 -1 1 -1 -1 1 1 1 1 1 -1 
-1 1 1 -1 -1 1 -1 -1 1 1 1 1 -1 1 
1 1 -1 1 -1 1 1 -1 1 1 1 -1 -1 -1 
1 -1 1 -1 -1 -1 -1 1 1 1 -1 1 -1 -1 
BrutForce Method: Imbalance = 0 --------- S = 1 



1 -1 -1 1 -1 1 -1 1 -1 1 1 1 -1 1 
-1 1 1 1 -1 -1 -1 1 1 -1 -1 1 1 -1 
1 -1 -1 -1 -1 1 1 -1 1 -1 1 -1 1 1 
1 -1 1 -1 1 -1 1 1 1 -1 1 -1 -1 -1 
BrutForce Method: Imbalance = 0 --------- S = 1 



-1 1 1 -1 1 -1 1 1 1 1 1 1 1 1 
1 -1 -1 -1 -1 -1 -1 1 -1 1 1 -1 -1 -1 
-1 -1 1 1 1 1 -1 1 1 1 -1 1 1 1 
1 1 -1 1 1 1 1 1 1 -1 1 -1 1 1 
BrutForce Method: Imbalance = 0 --------- S = 1 



-1 1 -1 1 -1 -1 1 -1 1 1 1 1 1 1 
-1 -1 1 -1 1 -1 1 1 -1 1 1 1 1 -1 
-1 1 -1 1 1 -1 -1 1 1 -1 -1 1 -1 1 
-1 -1 1 1 1 1 -1 1 1 1 -1 -1 1 -1 
BrutForce Method: Imbalance = 0 --------- S = 1 



-1 -1 1 1 1 -1 1 1 1 1 1 -1 1 -1 
1 -1 -1 1 1 1 -1 -1 -1 -1 1 1 -1 -1 
-1 -1 -1 -1 1 -1 -1 -1 1 -1 -1 1 1 1 
-1 -1 1 1 1 1 1 -1 -1 -1 1 -1 1 1 
BrutForce Method: Imbalance = 0 --------- S = 1 



1 1 -1 1 -1 1 1 1 1 -1 -1 1 1 -1 
-1 1 -1 -1 1 1 -1 -1 -1 -1 1 -1 -1 -1 
1 -1 -1 1 1 -1 1 -1 1 1 1 -1 1 1 
-1 1 -1 -1 -1 1 1 -1 1 1 -1 -1 -1 1 
BrutForce Method: Imbalance = 0 --------- S = 1 



-1 -1 -1 1 -1 -1 1 1 -1 1 -1 1 -1 -1 
1 -1 -1 1 -1 1 1 -1 -1 1 -1 -1 -1 1 
1 1 -1 -1 -1 1 -1 1 -1 -1 -1 1 1 1 
1 1 1 -1 -1 -1 -1 -1 -1 -1 1 -1 -1 1 
BrutForce Method: Imbalance = 0 --------- S = 1 



-1 -1 -1 1 1 1 -1 -1 1 -1 1 1 1 -1 
-1 1 1 1 -1 -1 -1 -1 1 -1 -1 -1 -1 -1 
1 1 1 1 1 1 1 -1 -1 1 1 1 -1 -1 
1 1 1 1 -1 1 1 -1 -1 1 -1 1 1 -1 
BrutForce Method: Imbalance = 0 --------- S = 1 



-1 -1 -1 1 -1 1 1 1 1 -1 1 -1 1 1 
1 1 -1 -1 1 1 1 1 -1 -1 1 1 -1 -1 
1 -1 1 -1 -1 1 1 -1 1 1 -1 -1 1 1 
1 1 -1 1 1 1 -1 1 -1 -1 1 -1 1 1 
BrutForce Method: Imbalance = 0 --------- S = 1 



-1 -1 -1 1 -1 -1 1 -1 -1 1 -1 1 -1 1 
-1 -1 -1 -1 1 -1 -1 -1 1 1 -1 -1 -1 -1 
-1 -1 1 -1 -1 1 -1 1 1 1 1 -1 -1 1 
1 -1 1 1 1 -1 1 1 1 -1 1 1 1 -1 
BrutForce Method: Imbalance = 0 --------- S = 1 



-1 -1 1 1 -1 1 -1 1 1 1 1 1 -1 1 
-1 -1 1 -1 1 1 1 1 -1 1 -1 1 -1 1 
1 -1 -1 -1 -1 -1 1 1 1 1 -1 1 1 1 
1 -1 1 -1 1 -1 1 -1 -1 -1 1 1 1 -1 
BrutForce Method: Imbalance = 0 --------- S = 1 



-1 1 1 -1 1 1 -1 1 -1 -1 1 1 -1 -1 
1 1 1 -1 -1 -1 -1 1 -1 -1 -1 1 1 -1 
1 -1 -1 1 -1 1 -1 1 1 -1 -1 -1 1 -1 
1 -1 -1 1 -1 1 1 -1 -1 1 1 1 -1 1 
BrutForce Method: Imbalance = 0 --------- S = 1 



1 -1 1 -1 -1 -1 -1 -1 -1 -1 -1 -1 -1 1 
1 -1 1 1 1 1 1 1 1 -1 1 -1 1 1 
1 1 -1 -1 -1 1 -1 1 -1 1 -1 1 -1 1 
1 1 1 1 1 1 -1 1 -1 1 -1 -1 1 -1 
BrutForce Method: Imbalance = 0 --------- S = 1 



1 -1 -1 -1 -1 1 -1 1 -1 -1 -1 -1 1 1 
-1 1 -1 1 -1 -1 1 -1 1 -1 1 1 1 1 
-1 1 -1 1 1 1 1 1 -1 1 -1 1 -1 -1 
-1 -1 1 1 1 -1 1 -1 -1 1 -1 1 1 1 
BrutForce Method: Imbalance = 0 --------- S = 1 



-1 1 -1 1 1 -1 -1 1 -1 1 1 1 1 -1 
1 1 -1 1 -1 -1 1 1 1 -1 1 1 -1 -1 
1 1 -1 1 1 1 -1 -1 -1 1 -1 -1 1 -1 
1 1 -1 -1 -1 -1 1 -1 1 1 1 -1 1 1 
BrutForce Method: Imbalance = 0 --------- S = 1 



1 -1 1 -1 1 -1 1 1 -1 1 -1 1 -1 -1 
1 -1 1 1 1 -1 -1 1 1 -1 -1 1 1 1 
-1 1 1 1 1 -1 -1 -1 1 1 -1 1 1 -1 
1 -1 1 1 1 1 -1 1 1 -1 1 -1 -1 1 
BrutForce Method: Imbalance = 0 --------- S = 1 



-1 1 1 -1 1 1 -1 1 1 1 1 -1 1 -1 
-1 1 1 1 1 -1 -1 -1 -1 -1 1 1 1 -1 
-1 -1 1 1 1 1 -1 1 -1 1 -1 1 1 1 
-1 1 -1 1 1 1 -1 -1 1 1 1 1 -1 1 
BrutForce Method: Imbalance = 0 --------- S = 1 



1 -1 -1 -1 -1 1 -1 -1 1 1 1 1 1 1 
-1 -1 -1 1 -1 -1 -1 -1 1 1 -1 1 1 -1 
1 -1 -1 -1 1 1 -1 1 1 1 1 1 1 1 
1 1 -1 -1 1 -1 1 -1 1 1 1 -1 -1 1 
BrutForce Method: Imbalance = 0 --------- S = 1 



-1 1 1 -1 -1 1 1 1 1 1 -1 -1 1 -1 
1 1 -1 1 1 1 -1 1 -1 -1 1 1 1 1 
-1 -1 1 -1 1 -1 -1 -1 1 -1 -1 -1 1 -1 
-1 -1 -1 1 1 1 1 -1 1 -1 1 -1 1 1 
BrutForce Method: Imbalance = 0 --------- S = 1 



-1 -1 1 1 1 1 -1 -1 1 -1 1 -1 1 1 
1 1 -1 1 1 -1 1 1 1 -1 -1 -1 -1 1 
1 -1 -1 -1 1 -1 -1 -1 1 1 -1 -1 1 -1 
-1 -1 1 1 -1 1 -1 1 1 -1 1 1 -1 -1 
BrutForce Method: Imbalance = 0 --------- S = 1 



-1 -1 1 1 1 1 -1 1 -1 -1 1 -1 1 -1 
1 -1 1 -1 -1 -1 1 -1 1 1 1 1 -1 -1 
-1 1 1 -1 1 -1 -1 1 1 1 1 -1 1 -1 
1 -1 -1 1 -1 1 -1 -1 -1 1 -1 -1 -1 1 
BrutForce Method: Imbalance = 0 --------- S = 1 



1 -1 1 1 -1 -1 1 -1 1 -1 1 1 -1 1 
1 -1 -1 1 -1 1 1 1 -1 1 -1 -1 -1 -1 
1 -1 1 1 -1 1 -1 1 -1 -1 1 -1 1 -1 
-1 -1 -1 -1 1 1 -1 -1 1 -1 -1 -1 1 -1 
BrutForce Method: Imbalance = 0 --------- S = 1 



-1 -1 1 -1 1 1 1 -1 1 -1 -1 1 -1 1 
1 1 1 1 1 -1 -1 -1 1 1 1 -1 1 -1 
-1 -1 -1 1 1 1 -1 -1 -1 -1 -1 1 -1 1 
1 -1 -1 1 -1 -1 1 1 1 1 1 1 -1 1 
BrutForce Method: Imbalance = 0 --------- S = 1 



-1 1 -1 -1 -1 1 -1 -1 -1 -1 -1 -1 -1 -1 
-1 1 -1 1 -1 1 -1 -1 -1 1 1 -1 1 -1 
1 -1 1 1 -1 1 -1 1 1 -1 -1 -1 1 1 
-1 1 -1 1 1 1 -1 1 1 1 -1 1 1 1 
BrutForce Method: Imbalance = 0 --------- S = 1 



1 1 1 1 -1 -1 1 -1 -1 -1 1 -1 -1 1 
-1 -1 1 1 -1 1 -1 -1 -1 1 1 -1 -1 -1 
-1 1 1 -1 1 -1 1 -1 -1 -1 -1 1 -1 -1 
-1 -1 1 1 1 1 1 -1 -1 -1 1 1 -1 -1 
BrutForce Method: Imbalance = 0 --------- S = 1 



1 1 -1 -1 -1 1 1 1 -1 1 1 -1 -1 -1 
1 1 1 1 -1 -1 -1 1 -1 -1 1 -1 1 1 
-1 1 1 -1 -1 -1 -1 -1 -1 1 1 -1 1 1 
-1 1 -1 -1 -1 -1 -1 1 1 1 -1 1 -1 1 
BrutForce Method: Imbalance = 0 --------- S = 1 



1 1 1 -1 -1 -1 -1 1 -1 -1 -1 1 1 -1 
1 1 -1 1 -1 -1 1 -1 1 -1 -1 -1 -1 -1 
-1 -1 1 -1 -1 1 1 -1 -1 1 -1 1 1 1 
1 1 -1 1 -1 1 -1 -1 -1 1 1 1 -1 1 
BrutForce Method: Imbalance = 0 --------- S = 1 



1 -1 1 -1 1 -1 1 -1 -1 -1 -1 -1 -1 -1 
-1 -1 -1 1 -1 1 -1 -1 1 1 1 1 1 1 
-1 -1 -1 1 1 -1 1 1 -1 1 1 -1 1 -1 
-1 1 1 -1 -1 -1 -1 1 -1 -1 -1 -1 -1 1 
BrutForce Method: Imbalance = 0 --------- S = 1 



-1 -1 1 1 -1 1 1 1 -1 1 -1 1 1 -1 
1 1 -1 -1 1 -1 1 1 1 1 -1 -1 1 -1 
1 1 1 -1 1 1 -1 1 1 1 -1 1 -1 -1 
-1 -1 -1 1 -1 1 -1 -1 1 -1 1 1 -1 -1 
BrutForce Method: Imbalance = 0 --------- S = 1 



-1 -1 -1 1 1 -1 1 1 1 1 -1 1 1 -1 
-1 1 1 1 -1 1 1 1 -1 1 -1 -1 -1 1 
1 1 -1 1 1 1 -1 1 -1 -1 1 1 -1 -1 
-1 1 -1 -1 -1 -1 -1 1 -1 -1 1 1 -1 1 
BrutForce Method: Imbalance = 0 --------- S = 1 



1 1 -1 1 -1 1 -1 -1 1 -1 1 1 -1 1 
1 -1 -1 -1 1 1 1 1 -1 1 -1 1 -1 -1 
-1 -1 -1 -1 1 -1 1 -1 1 -1 -1 1 1 -1 
1 1 -1 1 -1 -1 1 -1 1 1 -1 1 -1 1 
BrutForce Method: Imbalance = 0 --------- S = 1 



1 -1 -1 -1 1 -1 -1 -1 -1 -1 -1 1 1 1 
-1 -1 -1 -1 1 1 1 -1 -1 1 -1 -1 -1 1 
1 1 1 1 1 -1 -1 -1 1 -1 1 1 -1 -1 
1 1 -1 1 -1 -1 1 1 -1 -1 1 1 -1 1 
BrutForce Method: Imbalance = 0 --------- S = 1 



1 1 -1 -1 1 1 1 1 -1 1 1 -1 -1 -1 
1 -1 -1 1 1 1 -1 1 -1 -1 1 -1 -1 -1 
1 -1 -1 -1 -1 1 -1 1 1 1 1 -1 1 1 
1 1 1 1 1 1 1 -1 1 -1 -1 -1 1 -1 
BrutForce Method: Imbalance = 0 --------- S = 1 



1 1 1 -1 -1 -1 1 1 -1 1 1 -1 -1 -1 
1 1 -1 1 1 1 -1 1 1 1 -1 -1 -1 1 
1 1 -1 1 1 -1 -1 1 -1 1 1 -1 -1 1 
-1 -1 1 1 -1 1 -1 -1 1 -1 -1 -1 1 -1 
BrutForce Method: Imbalance = 0 --------- S = 1 



-1 -1 -1 1 -1 1 -1 -1 -1 -1 1 1 1 -1 
1 1 -1 1 -1 1 -1 1 -1 1 1 1 -1 -1 
-1 -1 1 -1 1 -1 1 -1 1 1 -1 1 -1 -1 
1 -1 -1 -1 -1 -1 -1 -1 1 -1 -1 1 -1 1 
BrutForce Method: Imbalance = 0 --------- S = 1 



1 -1 1 -1 1 -1 1 1 -1 -1 -1 1 1 -1 
-1 -1 -1 -1 -1 1 -1 1 1 -1 -1 -1 1 1 
1 1 -1 -1 -1 -1 -1 1 -1 -1 -1 -1 1 1 
1 -1 1 -1 1 1 -1 -1 1 1 1 -1 -1 -1 
BrutForce Method: Imbalance = 0 --------- S = 1 



-1 1 1 1 -1 1 1 -1 -1 1 1 -1 1 1 
1 1 -1 1 -1 1 1 1 1 -1 1 1 -1 -1 
-1 1 1 -1 -1 1 1 1 1 1 -1 -1 -1 -1 
-1 1 1 -1 1 1 1 1 -1 1 -1 -1 -1 1 
BrutForce Method: Imbalance = 0 --------- S = 1 



-1 -1 1 -1 -1 -1 1 1 1 1 1 1 -1 1 
-1 -1 -1 -1 1 1 -1 1 -1 1 -1 -1 -1 1 
-1 1 1 1 1 -1 -1 -1 -1 -1 1 -1 1 -1 
-1 1 -1 1 -1 -1 1 1 -1 -1 -1 1 1 1 
BrutForce Method: Imbalance = 0 --------- S = 1 



1 1 -1 -1 1 1 1 -1 -1 -1 -1 -1 -1 -1 
1 -1 1 -1 -1 1 -1 1 1 -1 -1 1 -1 1 
1 1 -1 1 -1 1 -1 -1 -1 -1 1 1 -1 -1 
1 1 -1 1 1 1 1 1 -1 1 -1 -1 1 -1 
BrutForce Method: Imbalance = 0 --------- S = 1 



1 -1 -1 1 1 -1 1 -1 -1 1 1 1 1 -1 
1 -1 -1 -1 1 -1 -1 -1 -1 -1 -1 1 -1 1 
-1 1 1 1 -1 1 -1 -1 1 -1 -1 1 1 -1 
-1 -1 -1 -1 1 1 1 -1 -1 -1 1 -1 -1 1 
BrutForce Method: Imbalance = 0 --------- S = 1 



-1 -1 1 -1 -1 -1 -1 1 1 1 -1 1 1 -1 
-1 1 1 -1 -1 -1 1 1 1 1 1 1 -1 1 
-1 -1 -1 1 -1 1 -1 1 1 -1 1 -1 1 1 
-1 -1 1 -1 -1 1 -1 1 1 -1 -1 -1 1 1 
BrutForce Method: Imbalance = 0 --------- S = 1 



-1 1 -1 -1 -1 1 1 -1 -1 -1 -1 -1 1 -1 
1 -1 1 -1 1 1 -1 -1 -1 -1 1 -1 -1 -1 
-1 -1 1 1 1 -1 1 -1 1 -1 -1 -1 -1 -1 
1 -1 1 1 -1 -1 1 -1 -1 1 -1 -1 1 1 
BrutForce Method: Imbalance = 0 --------- S = 1 



1 -1 1 1 1 1 -1 -1 1 1 -1 1 -1 1 
1 -1 1 -1 1 1 1 -1 -1 1 -1 1 1 -1 
-1 1 1 1 1 1 -1 1 1 1 1 1 -1 1 
-1 1 1 -1 1 1 -1 -1 1 1 1 1 -1 -1 
BrutForce Method: Imbalance = 0 --------- S = 1 



-1 1 -1 1 -1 -1 1 1 -1 -1 -1 1 1 -1 
-1 -1 1 -1 -1 1 1 -1 -1 -1 -1 1 1 -1 
1 -1 -1 1 1 -1 -1 -1 -1 -1 1 -1 1 1 
-1 -1 -1 1 -1 1 1 -1 1 -1 1 1 1 -1 
BrutForce Method: Imbalance = 0 --------- S = 1 



-1 1 1 -1 -1 1 -1 -1 -1 1 1 -1 1 1 
-1 -1 1 -1 -1 1 1 1 1 1 1 1 -1 1 
-1 1 -1 1 1 1 1 -1 1 -1 -1 -1 -1 -1 
1 1 -1 -1 -1 1 -1 -1 1 1 -1 1 -1 -1 
BrutForce Method: Imbalance = 0 --------- S = 1 



-1 1 1 1 -1 -1 1 -1 -1 -1 1 1 1 -1 
-1 1 1 1 -1 -1 1 1 1 1 1 1 -1 -1 
-1 -1 -1 1 -1 1 -1 1 -1 -1 1 1 -1 1 
-1 -1 1 1 -1 1 1 -1 1 1 -1 -1 -1 -1 
BrutForce Method: Imbalance = 0 --------- S = 1 



1 1 -1 1 1 1 1 1 -1 -1 -1 -1 1 -1 
1 -1 1 1 -1 1 1 1 1 1 1 -1 -1 1 
-1 1 -1 1 -1 1 -1 1 -1 -1 1 1 -1 -1 
-1 1 -1 -1 -1 1 -1 1 1 1 1 1 1 1 
BrutForce Method: Imbalance = 0 --------- S = 1 



1 1 -1 -1 1 1 1 1 -1 -1 1 1 1 -1 
1 -1 -1 -1 1 1 1 1 1 1 -1 1 1 1 
1 -1 1 -1 1 1 1 -1 1 1 -1 1 -1 -1 
1 -1 -1 1 -1 1 1 -1 1 -1 1 -1 -1 -1 
BrutForce Method: Imbalance = 0 --------- S = 1 



-1 -1 -1 -1 -1 1 -1 1 1 -1 1 1 1 -1 
-1 -1 1 1 -1 1 -1 1 1 -1 -1 1 1 1 
1 -1 -1 1 1 -1 1 1 1 1 1 1 1 -1 
-1 -1 1 1 -1 -1 1 -1 -1 1 -1 -1 -1 1 
BrutForce Method: Imbalance = 0 --------- S = 1 



-1 1 -1 1 -1 -1 -1 -1 -1 -1 1 -1 1 -1 
1 -1 -1 1 1 -1 -1 1 -1 -1 1 -1 1 1 
-1 -1 1 -1 1 1 1 -1 -1 -1 -1 1 -1 -1 
1 1 1 -1 -1 -1 -1 -1 1 1 -1 1 -1 -1 
BrutForce Method: Imbalance = 0 --------- S = 1 



1 -1 -1 1 -1 1 -1 -1 1 -1 1 -1 -1 1 
1 1 1 1 -1 1 -1 1 -1 1 -1 1 -1 1 
-1 1 -1 1 -1 -1 -1 -1 -1 -1 1 1 1 1 
1 -1 -1 -1 1 1 1 1 1 1 1 1 1 1 
BrutForce Method: Imbalance = 0 --------- S = 1 



-1 1 -1 -1 1 -1 -1 1 -1 -1 1 -1 1 1 
1 1 -1 -1 1 -1 1 -1 -1 -1 -1 -1 1 1 
-1 1 -1 1 1 1 1 1 1 1 -1 1 -1 1 
-1 -1 1 -1 1 -1 1 1 -1 -1 -1 -1 -1 -1 
BrutForce Method: Imbalance = 0 --------- S = 1 



1 -1 -1 -1 1 1 -1 1 1 -1 -1 1 -1 -1 
-1 1 1 1 -1 1 -1 -1 -1 -1 1 -1 -1 -1 
1 -1 -1 1 1 1 -1 1 -1 1 -1 1 1 1 
1 -1 -1 1 1 -1 -1 1 1 -1 -1 1 -1 1 
BrutForce Method: Imbalance = 0 --------- S = 1 



1 1 1 -1 -1 -1 -1 -1 1 -1 1 -1 1 -1 
1 -1 -1 -1 -1 -1 -1 -1 1 1 1 1 1 -1 
1 1 1 -1 -1 1 -1 -1 -1 1 1 1 1 -1 
-1 -1 -1 -1 1 -1 -1 1 1 1 -1 -1 -1 -1 
BrutForce Method: Imbalance = 0 --------- S = 1 



1 1 -1 -1 -1 -1 -1 1 1 -1 -1 1 1 1 
1 -1 1 -1 1 1 1 -1 1 -1 -1 1 1 1 
1 1 1 -1 1 -1 -1 1 1 -1 1 -1 -1 1 
1 -1 1 1 1 -1 -1 1 -1 1 -1 1 1 -1 
BrutForce Method: Imbalance = 0 --------- S = 1 



-1 -1 1 1 1 -1 1 1 1 1 -1 -1 1 1 
1 -1 1 -1 -1 -1 1 1 -1 1 -1 -1 1 1 
-1 -1 -1 -1 1 -1 1 -1 -1 1 1 1 1 -1 
-1 1 1 1 -1 -1 1 1 1 1 -1 -1 -1 1 
BrutForce Method: Imbalance = 0 --------- S = 1 



1 -1 -1 1 -1 1 1 -1 1 -1 -1 1 -1 -1 
1 1 1 -1 1 1 1 1 1 -1 1 1 -1 -1 
1 1 -1 -1 1 1 -1 -1 1 -1 1 1 1 1 
-1 -1 1 1 -1 -1 1 -1 -1 1 -1 -1 -1 1 
BrutForce Method: Imbalance = 0 --------- S = 1 



-1 1 1 1 1 -1 -1 1 1 -1 -1 -1 1 -1 
1 1 -1 -1 1 1 1 1 1 1 1 -1 -1 1 
1 -1 -1 -1 -1 -1 -1 1 1 1 -1 1 -1 -1 
-1 1 1 1 1 1 -1 1 -1 1 1 1 -1 1 
BrutForce Method: Imbalance = 0 --------- S = 1 



1 -1 -1 -1 1 1 1 1 -1 1 1 1 1 -1 
1 1 1 -1 -1 1 -1 1 -1 -1 -1 1 1 1 
-1 1 1 1 1 -1 1 -1 -1 1 1 -1 1 -1 
-1 1 -1 -1 1 -1 -1 1 1 1 1 1 1 1 
BrutForce Method: Imbalance = 0 --------- S = 1 



-1 1 -1 1 1 -1 1 -1 -1 1 -1 1 1 -1 
-1 -1 1 1 -1 1 1 -1 -1 1 1 -1 1 -1 
1 -1 1 1 -1 -1 1 -1 -1 1 1 1 -1 -1 
1 -1 -1 1 1 1 -1 -1 1 1 1 1 -1 1 
BrutForce Method: Imbalance = 0 --------- S = 1 



-1 -1 1 1 1 1 1 1 1 -1 -1 -1 -1 -1 
1 1 -1 -1 -1 1 1 -1 1 1 1 1 -1 1 
-1 1 1 1 1 1 1 -1 -1 -1 1 -1 -1 -1 
-1 1 -1 1 1 1 -1 1 -1 1 1 1 1 -1 
BrutForce Method: Imbalance = 0 --------- S = 1 



-1 1 -1 -1 1 -1 1 -1 1 1 1 -1 1 1 
1 -1 -1 1 -1 1 -1 1 -1 -1 1 -1 1 1 
1 1 1 -1 1 1 -1 1 1 -1 -1 1 1 -1 
1 -1 -1 -1 1 -1 -1 1 -1 1 -1 1 -1 -1 
BrutForce Method: Imbalance = 0 --------- S = 1 



-1 -1 -1 1 -1 -1 -1 -1 1 -1 1 1 -1 -1 
-1 1 1 -1 1 -1 1 -1 1 1 1 -1 1 -1 
1 1 1 1 -1 1 1 -1 1 -1 1 -1 -1 1 
1 1 1 -1 -1 1 -1 -1 1 1 -1 1 1 -1 
BrutForce Method: Imbalance = 0 --------- S = 1 



-1 -1 1 1 1 1 1 -1 -1 -1 1 1 1 -1 
1 -1 1 1 1 1 -1 1 -1 -1 1 1 -1 1 
-1 -1 1 -1 -1 -1 -1 1 1 1 -1 -1 1 -1 
1 -1 -1 1 -1 -1 1 1 1 1 -1 1 1 -1 
BrutForce Method: Imbalance = 0 --------- S = 1 



1 1 -1 -1 -1 -1 -1 -1 -1 1 1 1 1 1 
1 -1 1 1 1 1 1 -1 -1 -1 1 1 1 -1 
-1 -1 -1 -1 1 1 -1 -1 -1 1 1 -1 -1 1 
-1 -1 1 1 -1 -1 -1 1 1 1 -1 -1 1 -1 
BrutForce Method: Imbalance = 0 --------- S = 1 



-1 1 -1 1 1 -1 1 -1 -1 -1 -1 -1 1 1 
1 -1 -1 -1 1 1 -1 1 -1 1 -1 1 1 1 
-1 -1 -1 -1 -1 -1 1 -1 1 1 1 1 -1 -1 
-1 1 -1 1 -1 1 1 1 -1 -1 -1 1 -1 -1 
BrutForce Method: Imbalance = 0 --------- S = 1 



-1 1 1 -1 -1 1 1 1 1 1 1 -1 1 1 
-1 -1 -1 -1 1 1 1 -1 -1 -1 1 -1 -1 1 
1 1 1 1 1 -1 -1 1 1 1 -1 -1 -1 1 
1 1 -1 -1 -1 1 1 1 -1 -1 1 1 -1 -1 
BrutForce Method: Imbalance = 0 --------- S = 1 



-1 1 -1 1 -1 -1 -1 1 -1 1 1 1 1 -1 
-1 1 1 1 -1 1 -1 1 -1 1 -1 -1 -1 1 
1 -1 -1 -1 1 1 1 -1 1 -1 1 1 1 1 
1 1 -1 -1 1 -1 1 1 -1 -1 -1 1 1 1 
BrutForce Method: Imbalance = 0 --------- S = 1 



-1 -1 -1 -1 -1 1 1 -1 1 -1 -1 -1 1 -1 
1 -1 -1 1 -1 1 1 1 -1 -1 1 -1 -1 1 
-1 -1 1 1 1 1 1 1 -1 -1 1 1 -1 1 
1 -1 1 1 1 -1 1 1 1 1 -1 1 1 1 
BrutForce Method: Imbalance = 0 --------- S = 1 



-1 1 1 1 -1 1 -1 -1 -1 -1 -1 -1 1 1 
1 1 -1 -1 -1 1 1 1 -1 -1 -1 1 1 -1 
1 -1 -1 -1 1 -1 -1 -1 -1 1 1 -1 1 1 
1 -1 -1 -1 -1 -1 1 -1 1 -1 1 -1 -1 -1 
BrutForce Method: Imbalance = 0 --------- S = 1 



-1 -1 -1 -1 -1 -1 -1 1 -1 1 -1 1 1 1 
1 1 1 -1 -1 -1 -1 1 -1 1 1 1 -1 1 
-1 1 1 1 1 -1 1 1 -1 1 1 1 1 1 
-1 -1 1 -1 1 1 1 -1 1 1 1 -1 1 1 
BrutForce Method: Imbalance = 0 --------- S = 1 



-1 -1 -1 1 1 -1 1 -1 -1 -1 -1 -1 -1 -1 
-1 -1 -1 1 1 1 -1 -1 1 1 -1 1 1 1 
-1 -1 -1 1 -1 -1 -1 1 1 1 -1 1 -1 -1 
-1 1 -1 -1 1 -1 -1 -1 1 1 -1 -1 1 1 
BrutForce Method: Imbalance = 0 --------- S = 1 



