n = 50   m = 4   k = 2


1 -1 -1 1 1 -1 1 -1 1 1 1 1 -1 1 1 1 -1 -1 -1 -1 1 -1 -1 1 -1 -1 -1 -1 -1 -1 1 1 -1 1 1 -1 -1 -1 -1 1 1 -1 -1 1 -1 1 -1 1 1 1 
1 1 1 -1 -1 1 1 -1 -1 -1 -1 1 -1 -1 -1 1 -1 -1 -1 1 1 -1 -1 1 -1 1 -1 -1 -1 -1 -1 1 -1 1 1 -1 1 -1 1 1 1 1 -1 -1 1 1 -1 1 1 1 
-1 1 1 1 1 -1 -1 1 -1 1 1 1 1 1 -1 1 -1 -1 1 -1 -1 -1 -1 1 -1 1 -1 -1 1 1 -1 1 -1 1 -1 1 -1 -1 -1 -1 1 -1 1 1 -1 1 -1 1 1 -1 
-1 1 -1 1 -1 -1 -1 1 1 1 -1 -1 -1 -1 -1 1 -1 -1 1 -1 1 1 -1 1 -1 -1 -1 1 1 -1 1 -1 1 1 -1 -1 -1 1 -1 -1 1 -1 -1 1 1 1 1 1 1 1 
BrutForce Method: Imbalance = 0 --------- S = 4 6 



1 -1 1 1 -1 1 1 -1 1 -1 -1 -1 1 -1 -1 1 -1 1 -1 -1 1 -1 1 -1 1 1 1 -1 -1 1 -1 1 -1 1 -1 -1 1 -1 -1 -1 -1 1 1 -1 1 -1 -1 1 -1 -1 
1 1 -1 1 -1 1 1 1 1 1 -1 -1 1 1 -1 1 -1 -1 1 -1 1 1 1 -1 -1 -1 1 -1 -1 -1 1 -1 -1 1 -1 -1 -1 -1 1 1 -1 -1 1 -1 1 -1 -1 -1 1 -1 
1 1 -1 -1 1 -1 -1 1 1 1 1 1 -1 1 -1 -1 -1 1 1 1 1 -1 -1 1 -1 1 -1 1 1 1 1 1 -1 -1 -1 1 1 -1 1 -1 -1 -1 -1 -1 1 -1 -1 -1 1 -1 
1 -1 1 1 1 1 -1 -1 1 -1 -1 -1 1 -1 -1 -1 -1 -1 1 1 1 -1 -1 -1 -1 1 -1 -1 -1 1 1 1 1 -1 1 -1 -1 -1 1 -1 1 -1 -1 -1 -1 -1 1 1 -1 1 
BrutForce Method: Imbalance = 0 --------- S = 2 3 



