n = 23   m = 5   k = 131


-1 1 -1 -1 1 -1 1 -1 -1 1 1 -1 -1 -1 -1 -1 -1 1 -1 -1 1 -1 1 
1 1 1 -1 -1 1 -1 1 1 -1 -1 1 1 -1 -1 -1 -1 1 -1 1 1 1 -1 
-1 -1 1 -1 -1 1 -1 -1 1 1 -1 -1 -1 -1 1 1 -1 -1 -1 1 1 1 -1 
-1 1 1 1 1 -1 1 -1 -1 1 -1 -1 -1 -1 -1 -1 -1 -1 1 -1 -1 1 -1 
-1 1 -1 1 -1 -1 -1 -1 1 -1 -1 -1 -1 -1 1 -1 -1 -1 1 -1 1 1 -1 
BrutForce Method: Imbalance = 0 --------- S = 5 9 



1 1 1 1 -1 -1 1 -1 1 -1 -1 -1 1 -1 -1 -1 -1 1 -1 -1 -1 1 1 
1 1 -1 1 -1 -1 1 -1 -1 -1 -1 1 -1 -1 -1 1 -1 1 -1 -1 -1 -1 1 
1 -1 -1 1 -1 -1 1 1 1 -1 1 -1 1 1 -1 1 -1 1 -1 1 1 1 1 
1 -1 -1 1 -1 1 1 1 1 1 -1 1 1 1 1 -1 -1 -1 1 1 -1 -1 -1 
1 1 1 1 1 1 1 -1 1 1 -1 -1 -1 1 -1 1 -1 1 -1 1 -1 1 -1 
BrutForce Method: Imbalance = 0 --------- S = 2 8 



1 1 1 1 1 1 -1 -1 1 1 -1 1 -1 1 -1 -1 1 1 1 1 1 1 1 
-1 1 1 1 1 -1 -1 1 1 1 -1 -1 1 1 1 -1 1 1 1 1 -1 1 -1 
1 -1 1 1 1 1 1 -1 -1 -1 1 -1 1 1 -1 1 1 -1 -1 1 -1 -1 1 
1 1 1 1 -1 1 1 1 -1 1 1 -1 1 1 1 -1 -1 1 1 1 1 -1 1 
1 -1 1 -1 -1 1 1 1 1 -1 1 1 -1 -1 -1 1 1 1 1 1 -1 1 1 
BrutForce Method: Imbalance = 2 --------- S = 2 7 



1 -1 -1 -1 -1 -1 1 -1 -1 1 1 1 -1 1 -1 -1 1 -1 1 1 1 -1 -1 
-1 -1 1 1 -1 -1 1 -1 1 1 -1 1 1 1 1 1 1 1 1 1 1 1 1 
-1 -1 -1 1 -1 1 1 -1 -1 -1 1 1 1 -1 1 -1 -1 -1 1 -1 -1 -1 -1 
1 1 1 1 -1 -1 1 -1 1 -1 1 -1 -1 -1 -1 -1 1 1 1 1 1 1 1 
-1 -1 1 1 -1 1 -1 -1 -1 -1 -1 1 -1 1 1 -1 1 1 -1 -1 -1 -1 1 
BrutForce Method: Imbalance = 0 --------- S = 1 4 6 10 



-1 1 -1 -1 1 -1 -1 -1 1 -1 -1 -1 -1 -1 1 1 1 1 1 -1 1 1 -1 
-1 -1 1 -1 -1 1 1 -1 1 -1 -1 1 -1 1 -1 -1 -1 -1 1 1 -1 -1 1 
-1 1 1 1 1 1 1 1 -1 -1 1 1 1 1 1 -1 1 1 -1 1 1 -1 -1 
1 1 -1 1 1 1 -1 -1 1 1 -1 1 -1 1 -1 1 -1 1 1 -1 1 -1 -1 
-1 -1 1 -1 -1 1 1 1 -1 -1 -1 -1 1 1 -1 -1 -1 1 -1 -1 -1 -1 1 
BrutForce Method: Imbalance = 0 --------- S = 8 9 



1 -1 1 1 -1 -1 1 -1 1 1 1 -1 -1 -1 -1 -1 -1 -1 1 -1 -1 1 1 
1 -1 -1 1 1 -1 1 1 1 -1 -1 -1 -1 1 1 1 -1 1 -1 -1 -1 1 -1 
1 -1 1 -1 -1 1 -1 1 -1 1 -1 -1 1 -1 -1 -1 1 -1 -1 1 1 -1 -1 
-1 -1 -1 -1 -1 1 1 -1 -1 -1 1 1 1 1 1 1 1 1 -1 1 1 -1 1 
1 1 -1 1 -1 1 -1 -1 1 -1 -1 1 -1 -1 -1 1 -1 -1 1 -1 1 1 -1 
BrutForce Method: Imbalance = 0 --------- S = 1 5 6 11 



-1 -1 1 -1 -1 -1 -1 1 1 1 -1 1 1 -1 1 1 -1 1 -1 1 1 -1 1 
1 -1 -1 -1 1 1 1 -1 -1 -1 -1 1 1 -1 -1 1 -1 -1 1 1 1 1 -1 
1 1 1 1 1 -1 -1 -1 -1 1 -1 -1 1 -1 -1 -1 1 -1 -1 -1 1 1 1 
1 1 1 -1 1 1 1 1 -1 1 1 -1 -1 -1 1 1 -1 1 -1 -1 -1 1 1 
1 -1 1 1 -1 -1 -1 1 1 -1 1 -1 1 -1 1 1 -1 -1 1 -1 1 1 -1 
BrutForce Method: Imbalance = 0 --------- S = 5 9 



1 -1 -1 1 1 1 1 -1 1 -1 1 1 -1 1 1 -1 -1 1 1 -1 -1 1 -1 
1 1 1 1 -1 -1 -1 -1 -1 1 -1 -1 -1 -1 -1 1 1 -1 1 -1 -1 -1 1 
1 1 1 -1 1 -1 1 1 -1 1 1 1 1 1 1 -1 1 1 -1 -1 1 1 -1 
1 1 -1 1 -1 1 -1 -1 1 1 -1 1 1 -1 -1 -1 -1 1 1 1 1 -1 -1 
1 -1 -1 -1 -1 1 -1 1 1 -1 1 -1 -1 1 1 1 -1 -1 -1 -1 -1 -1 1 
BrutForce Method: Imbalance = 0 --------- S = 3 6 



-1 -1 1 -1 -1 -1 -1 -1 1 1 1 -1 -1 1 1 -1 1 1 1 -1 1 1 -1 
1 -1 -1 -1 -1 1 -1 -1 1 -1 1 -1 1 -1 -1 1 1 1 -1 -1 -1 -1 -1 
-1 -1 -1 1 1 -1 1 -1 -1 -1 -1 -1 1 -1 1 1 -1 -1 -1 1 -1 -1 1 
-1 -1 -1 -1 1 1 1 1 -1 1 -1 -1 -1 1 1 1 1 -1 -1 1 -1 -1 -1 
1 1 -1 1 -1 1 -1 -1 1 1 -1 -1 -1 1 1 -1 1 -1 1 1 1 1 1 
BrutForce Method: Imbalance = 0 --------- S = 5 9 



1 1 -1 -1 1 1 -1 -1 1 1 -1 1 1 1 -1 1 -1 1 -1 1 -1 -1 -1 
1 -1 1 1 1 1 1 1 1 -1 -1 1 1 -1 -1 -1 -1 -1 1 -1 1 -1 1 
-1 -1 1 1 -1 -1 1 -1 -1 -1 -1 1 -1 1 1 -1 -1 1 -1 1 -1 1 -1 
-1 1 1 -1 -1 1 1 -1 1 -1 1 -1 -1 -1 -1 1 -1 -1 -1 -1 -1 1 -1 
1 -1 -1 -1 -1 1 -1 -1 1 -1 -1 -1 -1 1 1 -1 -1 -1 1 1 1 1 -1 
BrutForce Method: Imbalance = 2 --------- S = 1 3 



-1 -1 -1 -1 -1 1 1 1 1 1 -1 -1 -1 1 1 1 -1 1 1 1 -1 -1 1 
1 1 1 1 1 -1 1 1 -1 1 -1 -1 -1 1 1 1 1 1 -1 -1 -1 1 1 
-1 1 1 1 1 -1 1 1 -1 -1 -1 1 1 1 1 -1 1 -1 -1 1 1 1 -1 
-1 -1 1 1 1 -1 1 -1 -1 1 -1 -1 1 -1 1 1 -1 1 -1 1 1 -1 -1 
1 -1 -1 1 -1 1 -1 -1 1 -1 1 1 1 1 1 1 -1 1 1 -1 1 1 1 
BrutForce Method: Imbalance = 0 --------- S = 3 6 



-1 -1 1 -1 -1 1 1 1 1 -1 1 -1 1 1 -1 1 1 -1 -1 1 -1 -1 -1 
-1 1 1 -1 1 1 -1 1 -1 1 1 -1 1 -1 -1 1 -1 1 -1 -1 -1 -1 1 
-1 1 -1 -1 -1 1 -1 1 -1 1 -1 1 -1 -1 1 1 1 1 1 1 -1 -1 1 
1 -1 1 -1 -1 -1 1 -1 -1 -1 1 1 -1 -1 1 1 1 1 1 1 1 -1 -1 
-1 1 -1 1 1 -1 -1 -1 -1 -1 1 1 1 1 1 1 1 1 -1 -1 1 1 1 
BrutForce Method: Imbalance = 0 --------- S = 2 7 



1 -1 1 -1 -1 1 1 -1 -1 1 1 1 -1 -1 -1 -1 1 -1 -1 1 1 -1 1 
1 -1 1 -1 1 -1 1 -1 -1 1 1 1 1 1 -1 -1 -1 -1 1 1 1 -1 1 
-1 -1 -1 1 -1 1 1 1 1 1 -1 -1 -1 1 -1 -1 -1 1 -1 1 1 -1 -1 
1 -1 -1 1 1 -1 1 1 -1 -1 -1 -1 1 -1 -1 1 -1 1 1 -1 1 1 1 
-1 -1 1 -1 1 1 -1 -1 -1 1 1 1 1 1 1 -1 1 -1 -1 -1 1 -1 -1 
BrutForce Method: Imbalance = 0 --------- S = 3 4 



-1 -1 -1 1 -1 -1 1 1 1 -1 1 -1 1 -1 1 -1 1 1 -1 1 -1 -1 1 
1 -1 -1 -1 1 1 1 -1 -1 -1 1 -1 1 -1 1 1 -1 1 1 1 1 1 -1 
1 1 1 1 -1 -1 1 1 1 -1 1 -1 -1 -1 1 -1 1 -1 -1 -1 -1 1 1 
1 -1 -1 -1 -1 -1 -1 -1 -1 1 -1 -1 1 -1 1 1 1 1 1 -1 1 -1 1 
1 1 1 -1 1 -1 1 1 1 -1 1 -1 1 -1 1 1 -1 -1 -1 -1 -1 1 1 
BrutForce Method: Imbalance = 0 --------- S = 7 10 



1 1 -1 1 -1 -1 1 -1 -1 -1 1 -1 1 1 1 1 1 1 -1 1 -1 -1 -1 
1 -1 -1 -1 -1 1 -1 -1 1 -1 1 1 1 -1 -1 1 -1 1 -1 -1 1 -1 1 
-1 1 1 -1 1 1 1 -1 1 1 -1 1 -1 -1 -1 1 1 1 -1 1 1 -1 -1 
1 -1 -1 1 -1 -1 -1 -1 1 1 -1 1 -1 -1 -1 -1 1 -1 1 -1 -1 1 1 
-1 -1 -1 -1 1 -1 -1 -1 -1 -1 -1 -1 -1 -1 1 -1 -1 1 -1 -1 1 1 -1 
BrutForce Method: Imbalance = 0 --------- S = 1 5 



-1 1 -1 1 1 1 -1 1 1 -1 1 -1 -1 -1 -1 -1 -1 -1 1 1 -1 1 -1 
-1 -1 1 -1 -1 -1 1 -1 1 1 -1 -1 1 1 -1 1 -1 -1 1 -1 1 1 1 
-1 -1 -1 1 -1 -1 1 -1 -1 -1 1 -1 -1 -1 -1 -1 1 1 1 -1 1 -1 -1 
1 1 -1 1 1 -1 1 -1 1 1 -1 -1 1 1 1 1 1 -1 1 -1 1 1 1 
-1 1 -1 1 1 -1 -1 1 1 -1 -1 -1 -1 1 1 1 -1 -1 -1 1 1 -1 1 
BrutForce Method: Imbalance = 0 --------- S = 3 4 



1 1 -1 -1 1 -1 1 -1 -1 -1 1 -1 1 1 1 -1 1 -1 1 1 -1 1 1 
1 1 1 -1 -1 1 -1 -1 -1 1 -1 1 -1 -1 1 -1 1 1 1 1 -1 1 -1 
-1 1 1 -1 -1 -1 1 1 1 1 -1 -1 1 -1 -1 1 1 1 -1 1 1 1 1 
1 1 -1 1 1 1 1 -1 1 1 1 1 -1 -1 -1 1 -1 1 -1 -1 1 -1 1 
1 -1 -1 1 -1 -1 -1 -1 1 -1 1 1 1 -1 1 -1 1 1 -1 1 1 1 1 
BrutForce Method: Imbalance = 0 --------- S = 1 8 



-1 -1 -1 1 -1 1 -1 1 1 -1 1 -1 -1 1 -1 -1 1 -1 -1 1 -1 1 -1 
1 1 1 -1 1 -1 1 1 -1 -1 -1 1 -1 -1 1 1 1 1 -1 -1 -1 1 -1 
-1 1 -1 -1 -1 -1 -1 1 1 -1 1 -1 -1 -1 -1 -1 1 1 1 -1 1 1 -1 
1 -1 1 1 -1 -1 1 -1 1 1 -1 1 -1 1 1 1 -1 -1 1 1 -1 -1 -1 
1 1 1 1 1 -1 1 1 -1 1 -1 1 -1 1 -1 -1 -1 1 1 -1 -1 -1 1 
BrutForce Method: Imbalance = 0 --------- S = 5 9 



-1 -1 1 1 -1 -1 1 -1 1 -1 -1 -1 -1 1 -1 -1 1 1 -1 -1 1 -1 1 
1 1 1 -1 1 1 1 1 -1 1 -1 -1 -1 -1 -1 -1 1 1 -1 -1 -1 1 1 
-1 -1 -1 1 1 -1 1 1 1 -1 -1 1 -1 -1 -1 -1 1 1 -1 1 -1 -1 -1 
1 -1 -1 -1 1 1 1 -1 1 -1 -1 -1 1 -1 -1 1 1 -1 1 1 1 -1 1 
-1 -1 -1 1 -1 -1 -1 1 -1 1 1 -1 -1 1 1 -1 1 -1 -1 1 -1 1 1 
BrutForce Method: Imbalance = 0 --------- S = 1 4 



-1 -1 -1 1 -1 -1 -1 1 1 -1 1 -1 -1 -1 1 1 1 1 -1 -1 -1 1 -1 
-1 1 -1 1 -1 1 -1 -1 1 1 1 -1 -1 -1 -1 -1 1 -1 1 1 1 -1 1 
1 1 -1 -1 1 1 1 1 -1 -1 -1 -1 1 1 1 1 1 -1 -1 -1 -1 -1 1 
1 1 -1 -1 1 -1 1 1 -1 -1 1 -1 1 1 -1 -1 1 1 -1 -1 -1 -1 -1 
1 1 -1 1 1 -1 1 1 -1 -1 -1 -1 -1 1 1 -1 1 -1 1 -1 -1 1 1 
BrutForce Method: Imbalance = 0 --------- S = 1 9 



1 1 -1 1 -1 -1 -1 -1 1 1 1 -1 -1 -1 1 1 1 -1 -1 1 -1 1 -1 
-1 -1 1 -1 1 -1 1 -1 -1 1 1 -1 -1 1 -1 1 -1 1 1 1 -1 -1 -1 
-1 1 1 -1 1 -1 -1 -1 -1 1 1 1 -1 1 1 -1 1 -1 1 1 1 -1 1 
-1 -1 -1 1 1 -1 1 -1 -1 -1 -1 -1 1 -1 1 1 1 1 -1 1 1 -1 1 
-1 -1 -1 1 -1 -1 1 1 -1 1 1 -1 -1 1 -1 1 -1 1 1 1 -1 -1 1 
BrutForce Method: Imbalance = 0 --------- S = 3 4 



-1 1 1 1 -1 1 1 -1 -1 1 1 -1 -1 1 -1 -1 -1 1 -1 -1 -1 1 -1 
-1 -1 -1 1 1 1 -1 1 -1 1 1 1 -1 1 1 -1 1 -1 1 1 -1 1 -1 
-1 -1 -1 1 -1 1 1 1 -1 1 -1 1 1 -1 -1 -1 1 1 1 1 1 -1 -1 
1 1 -1 -1 -1 1 1 -1 1 1 -1 -1 1 1 1 -1 -1 -1 -1 1 -1 -1 -1 
1 -1 1 -1 -1 -1 1 1 -1 -1 1 1 1 1 1 -1 1 -1 1 1 1 -1 -1 
BrutForce Method: Imbalance = 0 --------- S = 1 4 



-1 -1 1 1 -1 1 -1 -1 -1 -1 1 -1 -1 1 -1 -1 1 -1 1 -1 1 -1 1 
1 1 1 1 -1 -1 1 -1 1 1 -1 1 -1 1 -1 -1 1 -1 1 -1 1 1 1 
-1 1 1 -1 -1 1 1 1 -1 1 -1 -1 -1 1 1 -1 -1 1 1 1 1 -1 1 
1 -1 -1 -1 1 -1 1 -1 -1 1 1 -1 1 1 1 -1 1 1 -1 1 -1 1 1 
1 1 1 1 1 1 1 1 1 1 -1 1 -1 1 1 1 1 1 1 1 -1 1 1 
BrutForce Method: Imbalance = 0 --------- S = 2 11 



-1 -1 1 1 1 1 -1 -1 -1 -1 1 1 1 1 1 -1 -1 -1 -1 1 1 1 1 
1 -1 1 1 1 -1 1 -1 -1 1 1 -1 1 1 1 -1 1 -1 1 -1 -1 1 -1 
-1 -1 -1 1 -1 1 1 -1 1 1 1 -1 1 1 1 -1 1 -1 1 -1 1 -1 -1 
-1 1 -1 1 -1 1 1 -1 1 1 1 -1 1 1 1 1 1 -1 1 -1 1 -1 1 
-1 -1 1 -1 -1 1 -1 1 -1 1 1 -1 -1 -1 -1 1 1 -1 1 1 -1 1 1 
BrutForce Method: Imbalance = 0 --------- S = 1 6 



1 -1 -1 -1 -1 1 -1 -1 -1 -1 -1 -1 -1 1 1 1 -1 1 -1 -1 -1 1 -1 
-1 1 -1 -1 1 1 1 1 -1 1 1 -1 1 1 -1 1 1 1 1 -1 -1 1 -1 
-1 1 -1 1 1 1 1 1 -1 1 -1 -1 1 1 -1 -1 1 1 -1 -1 1 1 1 
1 1 1 1 1 -1 -1 -1 1 1 1 -1 1 -1 -1 1 1 1 1 1 -1 -1 1 
-1 -1 1 -1 1 -1 -1 -1 -1 -1 -1 -1 -1 1 1 1 -1 -1 1 -1 -1 -1 1 
BrutForce Method: Imbalance = 0 --------- S = 3 6 



1 1 1 -1 1 1 -1 1 1 -1 1 1 -1 -1 1 1 1 -1 1 -1 1 -1 1 
1 -1 -1 -1 1 -1 1 1 -1 1 -1 -1 1 1 -1 1 -1 -1 1 -1 1 -1 -1 
1 1 1 -1 1 1 -1 -1 1 -1 1 1 1 1 -1 1 -1 -1 1 1 1 -1 1 
1 1 -1 -1 1 1 -1 1 -1 -1 -1 -1 1 -1 -1 1 -1 1 -1 -1 1 1 -1 
1 -1 -1 1 -1 1 1 1 1 -1 -1 1 1 1 -1 1 1 -1 1 1 1 -1 -1 
BrutForce Method: Imbalance = 0 --------- S = 4 5 



1 1 -1 1 -1 1 -1 1 1 -1 -1 -1 1 1 -1 1 -1 1 1 1 -1 1 -1 
1 -1 1 -1 1 -1 1 1 1 -1 -1 1 -1 -1 1 1 1 1 -1 1 -1 -1 -1 
-1 1 1 -1 -1 1 -1 1 1 -1 -1 1 -1 1 1 1 -1 -1 1 1 1 1 1 
-1 1 -1 -1 -1 -1 1 -1 1 -1 -1 -1 1 1 -1 -1 1 -1 -1 1 -1 1 -1 
-1 1 -1 1 -1 -1 -1 1 1 1 1 -1 1 1 1 -1 -1 1 -1 -1 -1 -1 -1 
BrutForce Method: Imbalance = 0 --------- S = 2 5 



-1 1 -1 1 -1 1 1 -1 1 1 1 1 1 -1 1 -1 -1 -1 1 1 -1 -1 -1 
-1 1 -1 1 -1 -1 -1 -1 -1 -1 -1 -1 -1 -1 -1 1 1 -1 -1 1 1 -1 1 
1 -1 1 1 1 -1 1 1 1 -1 -1 1 1 -1 -1 -1 1 -1 1 -1 -1 1 1 
-1 1 1 1 -1 1 1 1 1 1 1 -1 1 -1 1 -1 1 1 1 -1 1 1 -1 
1 -1 1 1 1 -1 -1 1 -1 1 -1 1 -1 1 1 -1 -1 -1 1 -1 1 1 -1 
BrutForce Method: Imbalance = 0 --------- S = 1 2 



1 -1 -1 -1 1 1 1 1 1 1 1 1 1 1 -1 -1 -1 -1 -1 1 1 1 1 
-1 -1 1 -1 -1 1 1 -1 -1 -1 -1 1 -1 1 -1 1 1 -1 -1 -1 -1 -1 -1 
1 -1 1 1 -1 -1 -1 -1 -1 1 1 -1 1 -1 -1 1 1 1 -1 1 -1 -1 -1 
1 1 1 -1 -1 -1 1 1 -1 -1 1 1 1 -1 -1 -1 -1 1 -1 1 1 -1 1 
1 1 1 1 -1 1 1 -1 1 1 1 -1 -1 1 1 1 -1 -1 1 1 -1 1 1 
BrutForce Method: Imbalance = 0 --------- S = 3 5 



1 -1 -1 1 -1 -1 -1 -1 1 1 -1 -1 1 1 -1 1 -1 -1 -1 1 1 1 1 
-1 1 1 -1 1 1 -1 1 1 1 1 1 1 1 -1 1 1 -1 1 -1 1 1 1 
1 1 -1 -1 -1 1 -1 -1 1 -1 -1 1 1 1 -1 -1 -1 1 1 -1 -1 1 1 
-1 1 1 1 1 1 1 1 1 1 1 -1 1 1 -1 1 -1 -1 1 1 1 -1 -1 
1 -1 -1 1 1 1 -1 -1 -1 1 1 1 -1 -1 1 -1 1 1 -1 1 1 -1 1 
BrutForce Method: Imbalance = 0 --------- S = 1 3 



1 -1 -1 -1 1 1 -1 -1 1 -1 -1 1 -1 -1 1 1 -1 1 1 1 1 -1 -1 
1 -1 1 1 1 -1 -1 1 -1 -1 1 -1 1 1 -1 1 -1 -1 1 1 -1 -1 -1 
-1 1 -1 1 -1 -1 1 1 1 -1 -1 -1 -1 1 -1 -1 -1 1 -1 -1 1 1 -1 
1 -1 1 -1 -1 1 -1 1 1 -1 1 1 -1 -1 1 1 -1 -1 -1 1 1 1 -1 
-1 -1 1 -1 -1 1 1 1 -1 -1 -1 1 -1 1 1 -1 -1 1 -1 1 1 -1 -1 
BrutForce Method: Imbalance = 0 --------- S = 4 6 



-1 1 -1 1 1 1 -1 -1 -1 -1 -1 -1 1 -1 1 -1 -1 1 -1 1 -1 -1 1 
1 1 1 -1 -1 1 1 1 -1 -1 1 1 -1 1 1 1 -1 1 1 1 1 1 1 
1 1 -1 -1 -1 -1 1 -1 -1 1 1 -1 -1 1 -1 1 -1 -1 -1 1 1 -1 -1 
1 -1 -1 -1 1 1 1 1 -1 -1 1 -1 -1 1 -1 1 1 -1 1 1 1 -1 1 
1 -1 -1 -1 1 1 -1 1 1 1 -1 -1 -1 1 1 -1 1 1 1 1 1 1 -1 
BrutForce Method: Imbalance = 0 --------- S = 1 4 



-1 -1 -1 -1 -1 1 -1 1 1 -1 -1 -1 1 1 1 -1 1 1 1 -1 1 1 1 
1 1 -1 1 1 1 -1 1 -1 -1 -1 -1 1 1 1 1 -1 1 1 -1 -1 -1 -1 
1 1 -1 1 -1 -1 -1 1 -1 1 1 1 1 1 -1 1 1 1 1 1 1 -1 -1 
-1 1 -1 -1 -1 -1 1 1 -1 1 -1 1 -1 1 1 -1 -1 1 -1 -1 -1 -1 -1 
-1 1 1 1 1 -1 -1 1 -1 -1 -1 1 -1 -1 -1 -1 1 1 -1 1 -1 1 -1 
BrutForce Method: Imbalance = 0 --------- S = 2 9 



-1 1 1 -1 1 -1 1 -1 -1 -1 1 -1 -1 1 -1 1 1 -1 -1 1 1 1 1 
-1 1 1 1 -1 1 -1 -1 1 -1 1 1 -1 -1 1 -1 1 1 1 1 -1 -1 -1 
1 -1 1 -1 -1 1 1 1 -1 1 1 -1 -1 -1 1 1 -1 1 1 1 1 -1 1 
-1 -1 1 -1 1 -1 1 -1 1 1 -1 -1 -1 -1 1 -1 1 1 -1 -1 1 -1 1 
-1 -1 -1 -1 -1 -1 1 1 -1 1 1 1 1 -1 -1 1 1 1 -1 -1 1 -1 1 
BrutForce Method: Imbalance = 0 --------- S = 4 7 



-1 1 -1 -1 1 -1 -1 -1 -1 1 -1 -1 1 -1 1 1 -1 1 1 -1 -1 1 1 
-1 1 -1 1 -1 1 1 1 -1 1 -1 -1 1 1 1 -1 -1 1 1 -1 -1 -1 1 
-1 1 1 -1 -1 -1 1 -1 1 -1 1 -1 -1 1 -1 1 1 1 -1 -1 1 1 1 
-1 1 1 -1 -1 1 -1 -1 -1 1 1 -1 -1 1 -1 1 -1 -1 -1 1 -1 1 1 
-1 1 1 -1 1 -1 -1 -1 1 1 1 -1 1 1 -1 1 -1 1 1 -1 -1 -1 1 
BrutForce Method: Imbalance = 0 --------- S = 1 2 



1 -1 1 1 -1 -1 1 1 1 -1 -1 -1 1 -1 1 -1 1 -1 -1 -1 1 1 -1 
1 1 -1 -1 -1 1 -1 1 1 -1 -1 1 -1 -1 -1 1 -1 1 1 -1 1 1 -1 
1 -1 1 -1 1 -1 -1 -1 -1 -1 -1 1 1 1 1 1 -1 1 -1 1 1 1 1 
1 -1 1 -1 -1 1 -1 1 1 1 1 1 -1 1 -1 1 1 -1 1 -1 -1 1 1 
-1 1 -1 -1 -1 1 -1 -1 1 1 -1 1 1 -1 1 1 -1 -1 1 1 1 -1 1 
BrutForce Method: Imbalance = 0 --------- S = 2 3 



-1 1 1 1 -1 1 -1 1 1 1 -1 1 1 1 -1 -1 -1 1 -1 -1 1 -1 1 
-1 1 1 -1 -1 -1 -1 1 1 1 -1 -1 1 1 1 1 -1 -1 1 1 -1 1 -1 
1 -1 1 1 1 1 -1 -1 -1 -1 1 -1 -1 -1 1 -1 -1 1 1 -1 1 -1 1 
1 -1 1 1 -1 1 1 1 1 -1 1 1 -1 -1 -1 1 -1 -1 -1 -1 -1 1 -1 
-1 1 1 1 1 1 1 -1 -1 1 -1 1 1 -1 -1 -1 -1 1 1 -1 1 -1 1 
BrutForce Method: Imbalance = 0 --------- S = 1 2 



1 1 1 -1 1 1 1 -1 1 -1 1 -1 -1 -1 1 -1 1 -1 1 1 -1 -1 -1 
1 -1 1 -1 1 -1 1 1 -1 -1 -1 1 -1 -1 1 -1 -1 1 -1 1 -1 -1 1 
1 -1 1 1 -1 -1 -1 1 1 1 -1 -1 -1 1 1 1 -1 1 -1 -1 -1 1 1 
-1 1 1 1 -1 1 1 -1 1 1 1 -1 -1 1 1 -1 1 1 1 -1 -1 1 1 
1 1 -1 -1 -1 -1 1 -1 -1 1 -1 -1 -1 1 -1 -1 1 -1 1 1 -1 -1 -1 
BrutForce Method: Imbalance = 0 --------- S = 2 8 



1 1 -1 1 -1 1 -1 -1 1 1 -1 1 1 -1 1 -1 -1 1 1 1 1 -1 1 
1 1 1 1 -1 -1 1 1 -1 -1 -1 1 1 -1 1 1 -1 -1 -1 -1 -1 -1 1 
1 1 -1 1 -1 1 1 1 -1 -1 1 1 1 1 -1 1 1 -1 -1 -1 -1 -1 -1 
-1 1 1 -1 -1 1 -1 1 1 -1 -1 1 -1 1 -1 1 -1 -1 1 1 1 -1 1 
1 1 1 1 1 -1 1 1 -1 -1 -1 1 -1 1 -1 -1 1 1 -1 1 1 1 1 
BrutForce Method: Imbalance = 0 --------- S = 7 9 



-1 1 -1 1 -1 1 -1 1 1 1 1 -1 -1 -1 -1 1 1 -1 1 -1 1 1 1 
-1 -1 -1 1 1 1 -1 -1 1 -1 1 1 1 -1 -1 1 1 1 1 -1 -1 -1 -1 
-1 1 1 1 1 -1 -1 1 -1 1 -1 1 1 1 -1 -1 1 -1 -1 1 -1 -1 1 
1 -1 -1 -1 -1 1 -1 1 -1 -1 -1 1 -1 -1 -1 -1 -1 -1 -1 -1 -1 1 1 
-1 -1 -1 -1 1 1 -1 -1 1 1 -1 -1 1 -1 1 -1 1 1 1 1 1 1 -1 
BrutForce Method: Imbalance = 0 --------- S = 3 6 



-1 1 -1 1 1 -1 1 -1 -1 1 1 1 -1 1 -1 1 1 1 -1 -1 1 1 1 
1 1 1 -1 -1 -1 -1 1 1 -1 1 1 -1 -1 -1 1 1 1 -1 1 -1 -1 -1 
-1 -1 -1 1 1 -1 1 -1 1 -1 1 -1 1 -1 -1 -1 -1 -1 1 1 -1 1 1 
-1 1 -1 1 -1 1 1 1 -1 1 -1 -1 -1 1 1 1 -1 1 -1 1 -1 1 1 
1 -1 -1 -1 1 -1 1 -1 1 -1 1 -1 -1 -1 -1 1 1 1 1 -1 1 1 1 
BrutForce Method: Imbalance = 0 --------- S = 1 4 



1 -1 -1 -1 1 -1 -1 1 -1 1 -1 1 1 1 1 1 1 -1 1 1 -1 1 -1 
1 1 -1 1 -1 1 -1 -1 -1 1 1 1 1 1 -1 1 1 1 -1 -1 -1 -1 1 
-1 1 -1 1 1 1 -1 1 1 1 1 -1 1 -1 -1 -1 1 -1 1 1 -1 1 -1 
-1 -1 -1 1 1 -1 1 -1 -1 1 -1 1 1 1 1 -1 1 -1 1 -1 -1 1 -1 
-1 -1 1 1 -1 1 1 1 -1 1 1 1 -1 -1 -1 -1 -1 1 1 -1 -1 1 1 
BrutForce Method: Imbalance = 0 --------- S = 1 3 4 5 



1 -1 1 -1 1 -1 1 1 1 1 -1 -1 1 -1 1 1 1 -1 1 1 -1 -1 -1 
1 -1 1 -1 -1 -1 1 -1 1 1 -1 1 1 1 -1 -1 1 -1 1 -1 -1 -1 1 
1 1 -1 -1 -1 -1 1 1 -1 -1 1 -1 1 -1 1 -1 1 1 -1 -1 1 -1 -1 
1 1 1 1 1 -1 1 1 -1 -1 1 -1 1 1 1 1 1 -1 1 -1 -1 -1 1 
1 -1 1 1 -1 1 -1 1 1 -1 -1 1 1 1 -1 -1 -1 -1 -1 1 1 -1 1 
BrutForce Method: Imbalance = 0 --------- S = 6 7 



1 -1 -1 -1 -1 -1 1 -1 -1 -1 -1 -1 -1 -1 -1 1 -1 1 -1 -1 1 1 -1 
1 1 -1 -1 1 1 1 1 1 1 -1 -1 1 -1 1 -1 1 -1 1 -1 1 -1 -1 
-1 1 1 1 1 -1 1 1 -1 -1 -1 1 1 1 -1 -1 1 -1 1 1 1 1 -1 
1 1 1 -1 1 -1 1 1 -1 1 1 -1 -1 -1 1 1 1 -1 1 1 -1 1 -1 
-1 1 -1 1 1 1 -1 1 -1 -1 -1 -1 -1 -1 -1 1 -1 -1 -1 1 1 1 1 
BrutForce Method: Imbalance = 0 --------- S = 1 4 



1 1 -1 1 -1 -1 -1 -1 -1 1 1 1 1 1 1 1 1 -1 -1 -1 1 1 -1 
1 -1 1 -1 1 1 -1 -1 1 1 -1 1 -1 -1 1 -1 -1 -1 -1 1 -1 -1 1 
-1 -1 1 -1 -1 -1 -1 -1 1 1 -1 -1 -1 1 -1 -1 1 -1 1 -1 -1 -1 1 
-1 -1 -1 1 1 1 -1 1 1 1 -1 -1 1 -1 1 -1 -1 -1 1 -1 -1 1 -1 
1 -1 1 -1 1 -1 1 1 -1 -1 1 -1 -1 1 -1 -1 1 1 1 1 1 -1 1 
BrutForce Method: Imbalance = 0 --------- S = 3 4 



1 -1 -1 1 1 1 -1 1 -1 -1 1 1 -1 1 1 -1 -1 1 -1 1 1 1 -1 
1 -1 -1 -1 1 1 -1 -1 1 -1 -1 -1 1 1 1 1 1 -1 1 -1 1 -1 1 
-1 1 -1 -1 1 -1 1 1 -1 1 -1 -1 -1 1 -1 -1 1 -1 1 1 -1 -1 -1 
-1 1 -1 1 -1 1 1 -1 -1 1 1 1 1 1 1 1 1 -1 1 -1 1 -1 -1 
-1 -1 -1 1 1 1 -1 -1 1 -1 1 -1 -1 -1 1 1 1 1 1 1 -1 1 1 
BrutForce Method: Imbalance = 0 --------- S = 2 3 5 6 



-1 -1 1 -1 -1 -1 1 1 -1 1 1 1 -1 1 1 -1 -1 1 -1 -1 1 1 -1 
-1 -1 1 -1 1 1 1 1 1 -1 -1 -1 -1 1 1 1 -1 1 1 1 -1 -1 -1 
1 -1 -1 -1 -1 -1 1 1 1 -1 -1 -1 -1 -1 1 -1 -1 1 1 -1 1 1 -1 
1 1 1 -1 -1 -1 1 -1 1 1 1 -1 1 1 1 1 1 1 1 1 1 -1 1 
1 -1 1 1 -1 -1 1 -1 1 -1 1 -1 1 1 -1 1 1 -1 -1 1 -1 1 -1 
BrutForce Method: Imbalance = 0 --------- S = 2 4 7 8 



1 -1 -1 -1 -1 -1 -1 -1 -1 1 -1 1 -1 1 1 1 -1 1 1 1 1 -1 -1 
1 1 -1 -1 -1 1 -1 -1 1 -1 -1 -1 1 -1 -1 -1 1 -1 1 1 1 1 1 
-1 1 -1 -1 1 -1 1 1 1 -1 -1 -1 1 1 1 -1 1 -1 -1 1 -1 1 -1 
1 1 -1 -1 1 -1 -1 1 -1 -1 -1 1 1 1 1 -1 1 -1 -1 1 1 -1 -1 
-1 1 -1 -1 1 -1 -1 1 -1 1 1 1 1 -1 -1 -1 1 -1 -1 1 1 -1 -1 
BrutForce Method: Imbalance = 0 --------- S = 1 2 7 10 



-1 -1 1 -1 -1 1 1 -1 -1 -1 1 1 -1 -1 -1 -1 1 -1 -1 -1 1 1 -1 
-1 1 1 -1 -1 1 1 -1 -1 1 1 1 -1 -1 1 -1 1 1 -1 1 -1 -1 -1 
1 1 1 1 1 1 1 -1 -1 1 1 -1 1 -1 1 -1 -1 -1 1 -1 -1 -1 -1 
1 -1 -1 -1 -1 -1 1 -1 -1 -1 1 -1 1 -1 -1 1 -1 1 -1 1 1 -1 -1 
-1 1 -1 -1 1 -1 1 -1 1 -1 -1 1 -1 -1 1 -1 1 1 1 1 1 1 -1 
BrutForce Method: Imbalance = 0 --------- S = 7 8 



-1 1 1 1 -1 1 -1 1 -1 -1 -1 1 1 -1 -1 1 1 -1 -1 -1 1 1 -1 
1 1 -1 -1 -1 -1 1 -1 1 -1 1 1 1 -1 1 -1 -1 -1 -1 -1 -1 -1 -1 
1 1 1 -1 1 -1 -1 1 -1 -1 -1 1 -1 -1 -1 -1 1 -1 -1 1 -1 1 1 
1 1 1 -1 -1 -1 1 -1 -1 -1 1 -1 1 1 1 -1 -1 -1 1 1 1 1 1 
-1 -1 1 1 1 1 1 -1 1 1 -1 -1 -1 1 -1 1 -1 1 1 1 1 -1 -1 
BrutForce Method: Imbalance = 0 --------- S = 1 4 



-1 -1 1 -1 -1 1 -1 -1 -1 -1 -1 -1 -1 1 1 1 -1 -1 -1 1 1 1 -1 
1 1 -1 1 -1 1 -1 1 -1 1 -1 1 -1 -1 1 1 -1 1 1 1 1 1 -1 
-1 -1 1 -1 1 1 -1 -1 -1 1 1 1 1 1 1 1 -1 -1 -1 1 -1 1 -1 
1 1 -1 1 -1 -1 -1 -1 1 1 1 1 1 -1 1 -1 -1 -1 1 1 -1 -1 1 
1 1 1 1 -1 1 1 1 -1 1 1 1 -1 -1 -1 -1 1 1 1 1 1 1 1 
BrutForce Method: Imbalance = 0 --------- S = 6 9 



-1 -1 -1 -1 1 1 1 1 -1 -1 -1 -1 -1 -1 1 -1 1 1 1 -1 1 1 1 
1 -1 -1 1 -1 -1 1 -1 1 -1 -1 1 1 1 1 -1 -1 1 1 -1 -1 1 1 
1 1 1 -1 -1 -1 1 1 1 -1 -1 -1 -1 -1 1 1 1 -1 -1 1 -1 -1 -1 
-1 1 1 -1 1 -1 -1 1 -1 -1 -1 -1 1 -1 -1 -1 1 1 1 1 -1 -1 -1 
1 -1 1 -1 -1 1 -1 1 -1 1 -1 -1 1 1 1 1 1 1 -1 1 -1 1 -1 
BrutForce Method: Imbalance = 0 --------- S = 1 5 



1 1 -1 1 1 -1 -1 1 1 -1 -1 -1 -1 -1 1 1 -1 1 -1 -1 1 -1 -1 
-1 -1 1 1 1 -1 -1 -1 1 -1 -1 -1 -1 -1 -1 1 -1 -1 1 1 1 1 -1 
-1 -1 -1 -1 1 1 1 1 1 1 1 -1 1 -1 -1 1 1 -1 1 1 1 1 -1 
1 1 -1 -1 -1 -1 -1 1 -1 -1 -1 1 -1 -1 1 1 -1 -1 1 -1 -1 1 -1 
-1 1 1 -1 -1 1 -1 1 1 1 -1 1 -1 1 -1 1 -1 1 -1 -1 -1 1 -1 
BrutForce Method: Imbalance = 2 --------- S = 1 3 



1 -1 -1 1 1 -1 -1 1 -1 1 1 1 -1 -1 -1 -1 -1 -1 1 -1 1 1 -1 
-1 1 1 -1 -1 -1 -1 1 -1 -1 1 -1 -1 1 1 1 -1 -1 -1 -1 -1 -1 -1 
1 -1 -1 -1 1 1 1 1 -1 1 -1 -1 1 -1 -1 1 1 -1 1 1 1 1 1 
1 -1 1 1 1 -1 -1 -1 1 1 1 1 1 1 1 -1 -1 -1 -1 1 -1 1 -1 
1 -1 -1 1 -1 -1 -1 -1 -1 -1 -1 1 -1 1 -1 -1 1 1 -1 1 1 -1 1 
BrutForce Method: Imbalance = 0 --------- S = 1 2 



1 -1 1 1 -1 1 -1 1 1 -1 1 1 -1 1 1 -1 1 -1 1 -1 -1 -1 1 
1 1 1 1 1 1 1 1 -1 1 -1 -1 -1 -1 -1 1 -1 -1 -1 1 1 1 -1 
-1 1 1 1 1 -1 1 1 1 -1 -1 -1 -1 1 1 -1 1 1 -1 1 1 1 -1 
-1 1 1 -1 1 -1 -1 -1 -1 1 1 1 1 1 1 1 -1 -1 -1 -1 1 -1 1 
1 1 -1 1 -1 1 1 1 1 -1 -1 -1 1 1 -1 -1 1 -1 -1 1 1 1 -1 
BrutForce Method: Imbalance = 0 --------- S = 9 10 



-1 -1 1 -1 -1 -1 -1 -1 1 -1 -1 -1 1 -1 1 1 -1 1 -1 -1 -1 -1 -1 
1 1 -1 1 -1 -1 1 -1 -1 1 1 1 -1 -1 1 -1 1 -1 1 1 -1 1 1 
1 -1 1 -1 1 -1 1 -1 1 -1 1 1 -1 -1 1 1 -1 -1 1 -1 1 -1 1 
-1 -1 -1 -1 -1 1 -1 1 -1 1 1 -1 1 1 1 -1 1 1 -1 -1 1 1 -1 
-1 -1 -1 1 1 1 1 -1 1 1 -1 -1 1 -1 -1 1 -1 -1 -1 -1 -1 -1 1 
BrutForce Method: Imbalance = 0 --------- S = 3 10 



1 -1 1 1 1 1 1 -1 1 -1 1 1 -1 -1 1 -1 1 -1 -1 -1 -1 -1 1 
1 1 1 -1 -1 1 -1 -1 -1 -1 -1 -1 1 1 -1 -1 -1 1 -1 1 1 -1 -1 
-1 -1 1 -1 -1 1 1 -1 -1 -1 1 -1 1 -1 1 1 1 -1 1 1 -1 1 1 
1 -1 1 1 1 1 -1 1 1 -1 -1 -1 1 -1 1 1 -1 1 -1 -1 1 1 1 
1 1 1 1 -1 1 1 -1 -1 -1 -1 -1 1 -1 1 1 -1 1 1 1 -1 1 -1 
BrutForce Method: Imbalance = 0 --------- S = 3 10 



1 -1 -1 1 -1 -1 1 -1 -1 1 1 1 1 -1 -1 1 -1 1 1 1 -1 -1 -1 
-1 1 1 1 -1 1 1 -1 -1 1 -1 1 1 -1 -1 -1 -1 -1 -1 -1 1 1 1 
-1 -1 -1 -1 -1 1 -1 1 1 -1 -1 1 -1 1 -1 1 1 -1 1 1 -1 -1 1 
-1 1 -1 -1 1 1 -1 -1 -1 -1 -1 1 1 -1 -1 1 -1 -1 -1 -1 1 -1 -1 
1 -1 -1 -1 -1 1 -1 -1 -1 -1 1 1 1 -1 -1 1 1 -1 -1 -1 -1 1 1 
BrutForce Method: Imbalance = 2 --------- S = 1 2 



-1 -1 1 1 1 1 1 1 -1 -1 -1 -1 1 1 -1 1 -1 1 1 -1 1 -1 1 
1 -1 -1 -1 1 1 1 1 1 1 -1 1 -1 1 1 1 1 1 1 -1 1 1 1 
1 1 1 -1 -1 1 -1 -1 1 1 -1 1 -1 -1 -1 -1 1 -1 -1 -1 -1 -1 1 
-1 1 1 1 1 -1 1 1 -1 1 -1 1 1 -1 -1 -1 -1 -1 1 1 1 1 -1 
-1 -1 1 1 -1 -1 -1 1 -1 -1 1 -1 1 -1 1 1 -1 1 1 -1 1 1 -1 
BrutForce Method: Imbalance = 0 --------- S = 1 4 



-1 -1 -1 -1 -1 1 1 -1 -1 -1 1 -1 1 -1 1 -1 -1 1 -1 1 -1 -1 1 
-1 -1 -1 1 -1 -1 -1 -1 -1 -1 1 -1 -1 -1 1 -1 -1 -1 1 1 -1 1 1 
-1 1 -1 -1 1 -1 1 -1 1 1 1 -1 1 1 1 -1 -1 1 1 1 1 1 -1 
-1 -1 -1 -1 -1 1 1 -1 -1 -1 1 -1 -1 -1 -1 1 -1 -1 1 1 -1 -1 1 
-1 -1 1 1 -1 1 1 -1 -1 1 1 -1 -1 1 -1 1 1 -1 1 1 -1 -1 -1 
BrutForce Method: Imbalance = 0 --------- S = 1 11 



-1 -1 1 -1 -1 1 1 -1 1 1 1 -1 -1 1 -1 -1 1 1 -1 -1 1 -1 -1 
-1 -1 -1 -1 1 -1 -1 -1 1 1 -1 -1 1 1 1 -1 1 1 1 -1 -1 -1 1 
1 1 -1 -1 1 -1 -1 -1 -1 1 -1 -1 1 -1 1 -1 -1 1 1 1 -1 1 -1 
-1 -1 1 -1 -1 -1 1 -1 1 1 1 1 -1 -1 1 1 -1 -1 -1 1 1 1 1 
1 -1 1 1 1 -1 1 1 1 1 -1 1 1 1 1 -1 1 -1 -1 1 -1 1 -1 
BrutForce Method: Imbalance = 0 --------- S = 2 9 



-1 -1 -1 -1 -1 -1 1 -1 1 -1 1 1 1 1 1 1 -1 1 -1 1 -1 1 -1 
-1 -1 1 -1 -1 1 1 -1 1 1 -1 1 -1 -1 -1 -1 1 1 1 1 1 1 -1 
1 -1 1 1 -1 1 1 -1 -1 1 -1 -1 -1 1 -1 -1 -1 1 1 1 -1 1 -1 
1 1 -1 -1 -1 -1 -1 -1 -1 -1 1 1 1 -1 1 -1 -1 1 1 1 1 1 -1 
1 1 -1 -1 1 1 1 1 -1 -1 1 1 -1 -1 -1 1 1 1 1 -1 -1 -1 -1 
BrutForce Method: Imbalance = 0 --------- S = 1 9 



-1 -1 1 1 -1 1 1 -1 1 -1 1 -1 1 1 1 1 -1 1 1 1 1 1 1 
-1 1 1 1 1 1 1 -1 -1 -1 -1 1 -1 1 1 -1 1 1 -1 -1 1 1 1 
1 -1 -1 -1 1 -1 1 1 1 -1 -1 1 -1 -1 1 -1 -1 1 1 1 -1 1 1 
1 1 -1 -1 -1 -1 1 -1 1 1 -1 1 -1 -1 1 1 -1 1 1 1 -1 -1 1 
-1 -1 -1 1 -1 1 1 1 -1 1 1 -1 -1 1 -1 -1 -1 1 -1 1 -1 1 1 
BrutForce Method: Imbalance = 0 --------- S = 1 4 



1 -1 1 -1 1 1 1 1 1 -1 1 1 -1 -1 -1 1 1 -1 -1 -1 -1 1 -1 
1 1 -1 1 1 -1 -1 1 1 -1 1 -1 -1 -1 -1 1 -1 -1 -1 1 1 1 1 
1 1 -1 -1 1 -1 1 1 1 1 1 1 1 -1 1 -1 1 -1 1 -1 -1 1 -1 
-1 -1 -1 1 -1 -1 -1 -1 1 -1 1 1 -1 1 -1 1 -1 1 1 1 1 1 1 
-1 -1 1 1 1 -1 -1 1 -1 1 -1 1 1 -1 1 1 1 1 1 -1 -1 -1 1 
BrutForce Method: Imbalance = 0 --------- S = 4 7 



-1 1 1 -1 -1 1 -1 -1 -1 -1 -1 -1 -1 -1 -1 1 -1 1 -1 -1 -1 -1 1 
1 -1 1 -1 1 1 -1 -1 1 -1 1 -1 -1 1 -1 1 -1 -1 1 -1 -1 1 -1 
-1 -1 -1 1 -1 1 -1 1 -1 1 -1 1 -1 1 -1 -1 1 -1 -1 -1 -1 -1 1 
1 -1 -1 1 1 1 1 -1 1 -1 -1 -1 -1 1 1 -1 1 -1 1 -1 -1 -1 -1 
-1 -1 -1 1 1 -1 1 1 1 -1 -1 -1 1 1 -1 1 -1 1 -1 1 1 -1 -1 
BrutForce Method: Imbalance = 0 --------- S = 3 4 



-1 1 1 -1 1 -1 -1 1 1 -1 -1 -1 -1 1 1 1 -1 -1 -1 1 1 -1 1 
1 1 -1 1 1 -1 1 -1 -1 1 -1 1 1 -1 -1 -1 1 -1 1 -1 1 -1 -1 
1 -1 -1 -1 1 -1 -1 1 1 1 1 1 1 1 1 -1 -1 -1 1 1 -1 1 1 
-1 -1 1 -1 1 1 -1 1 1 -1 -1 1 -1 1 -1 -1 -1 -1 -1 -1 1 -1 -1 
-1 -1 1 1 -1 1 1 1 -1 1 1 -1 -1 -1 -1 -1 1 1 1 1 -1 -1 -1 
BrutForce Method: Imbalance = 0 --------- S = 1 3 



-1 1 1 -1 1 -1 1 1 1 1 -1 -1 -1 1 1 1 1 1 -1 -1 1 1 -1 
1 1 1 1 -1 1 -1 1 1 -1 1 1 1 1 1 -1 1 1 1 1 1 1 -1 
1 1 1 1 1 1 -1 -1 -1 -1 1 -1 1 1 -1 1 -1 -1 1 1 1 -1 -1 
-1 1 1 1 1 1 -1 1 1 -1 1 1 1 1 1 1 -1 -1 1 -1 1 -1 -1 
1 1 -1 -1 -1 -1 1 -1 1 -1 -1 -1 -1 -1 -1 1 -1 1 -1 -1 -1 1 -1 
BrutForce Method: Imbalance = 0 --------- S = 4 7 



1 1 -1 -1 -1 1 1 1 1 1 1 -1 -1 -1 -1 -1 1 1 1 -1 1 -1 -1 
-1 1 1 1 -1 1 1 1 1 -1 -1 -1 1 -1 1 1 1 -1 -1 1 -1 -1 -1 
-1 1 -1 -1 -1 1 -1 1 -1 1 1 1 -1 1 1 1 1 -1 -1 1 -1 -1 1 
-1 1 1 -1 1 1 1 1 -1 -1 -1 -1 -1 1 -1 -1 1 1 1 -1 -1 -1 -1 
-1 1 1 -1 1 -1 -1 -1 1 -1 1 -1 -1 1 1 -1 1 -1 -1 -1 -1 -1 -1 
BrutForce Method: Imbalance = 0 --------- S = 3 10 



1 1 -1 -1 1 1 1 -1 1 -1 -1 -1 1 -1 1 -1 1 -1 -1 -1 -1 1 -1 
-1 -1 1 1 1 -1 1 1 -1 -1 -1 1 1 -1 -1 -1 -1 1 1 -1 1 -1 -1 
-1 1 -1 1 1 -1 -1 1 -1 -1 1 -1 1 1 -1 1 -1 1 -1 -1 1 -1 1 
-1 -1 1 -1 1 -1 1 1 1 -1 1 -1 1 1 -1 -1 1 1 1 1 -1 1 1 
1 -1 -1 -1 1 1 -1 -1 1 1 -1 -1 1 1 1 -1 -1 1 1 -1 -1 -1 -1 
BrutForce Method: Imbalance = 0 --------- S = 1 8 



-1 -1 1 -1 -1 1 -1 -1 -1 1 1 1 1 -1 -1 -1 1 -1 -1 -1 -1 1 1 
-1 -1 -1 1 -1 -1 1 1 1 -1 1 1 -1 -1 -1 -1 1 -1 1 1 1 -1 -1 
1 -1 -1 -1 -1 1 1 -1 1 -1 1 -1 -1 1 1 -1 1 -1 1 -1 -1 -1 -1 
-1 -1 -1 1 -1 -1 1 -1 -1 -1 -1 1 -1 -1 1 -1 -1 -1 1 -1 1 1 -1 
1 1 -1 -1 -1 1 -1 1 1 1 1 1 1 1 -1 -1 -1 1 -1 -1 1 1 1 
BrutForce Method: Imbalance = 0 --------- S = 4 6 



-1 1 -1 -1 -1 1 1 -1 1 1 -1 -1 -1 1 -1 -1 -1 1 -1 1 1 -1 1 
1 1 1 1 1 -1 -1 -1 -1 -1 1 -1 -1 -1 -1 1 -1 -1 -1 -1 1 -1 1 
-1 -1 -1 1 1 1 1 -1 1 -1 -1 -1 -1 -1 -1 1 1 -1 -1 -1 1 1 1 
1 -1 -1 -1 1 1 1 -1 1 1 -1 -1 1 1 1 -1 -1 -1 -1 1 -1 -1 -1 
-1 -1 -1 -1 1 1 1 -1 1 1 -1 -1 1 1 1 -1 1 -1 1 1 1 1 1 
BrutForce Method: Imbalance = 0 --------- S = 3 6 



-1 -1 -1 1 1 1 1 1 -1 1 1 1 1 -1 -1 1 -1 1 1 1 1 -1 1 
-1 1 -1 -1 -1 -1 1 1 1 1 1 -1 -1 -1 -1 -1 1 -1 1 -1 -1 -1 -1 
1 -1 -1 1 -1 1 1 1 -1 -1 1 -1 -1 1 -1 1 -1 1 -1 1 -1 -1 1 
1 -1 -1 1 1 1 -1 -1 -1 1 1 -1 1 1 1 -1 -1 1 -1 -1 -1 1 -1 
1 -1 1 1 -1 -1 1 -1 -1 1 1 -1 1 -1 1 -1 1 -1 1 1 1 1 1 
BrutForce Method: Imbalance = 0 --------- S = 2 4 



-1 1 1 -1 1 1 1 1 -1 1 -1 1 1 -1 1 -1 1 1 -1 -1 1 1 -1 
-1 -1 1 -1 -1 -1 -1 -1 1 1 -1 1 -1 -1 -1 -1 1 1 1 -1 -1 -1 1 
1 1 -1 1 -1 1 -1 1 1 -1 1 1 1 -1 1 1 -1 1 1 -1 1 1 1 
1 -1 1 1 -1 1 -1 1 -1 1 1 1 -1 -1 -1 -1 1 1 -1 -1 -1 -1 -1 
1 -1 1 1 1 1 1 1 -1 1 1 1 -1 -1 -1 1 -1 -1 1 1 1 1 1 
BrutForce Method: Imbalance = 2 --------- S = 2 3 



1 -1 1 1 -1 -1 1 1 1 -1 1 1 1 1 1 1 1 -1 -1 1 -1 -1 1 
1 1 1 -1 -1 1 -1 -1 -1 1 -1 -1 1 1 -1 -1 -1 -1 1 -1 1 1 1 
1 1 1 1 1 -1 1 1 -1 -1 1 1 1 -1 1 -1 1 -1 -1 1 -1 -1 1 
1 1 1 -1 -1 -1 -1 1 -1 1 -1 -1 1 -1 -1 1 1 -1 1 1 1 1 -1 
1 1 -1 1 1 -1 1 1 1 -1 -1 -1 -1 1 1 -1 -1 -1 -1 1 -1 1 1 
BrutForce Method: Imbalance = 0 --------- S = 6 8 



-1 -1 -1 1 1 -1 -1 -1 -1 -1 1 -1 1 1 1 -1 -1 -1 -1 -1 1 1 1 
1 -1 -1 1 1 1 1 1 -1 1 1 1 -1 -1 1 -1 -1 -1 1 -1 1 1 -1 
-1 1 1 -1 1 1 -1 1 1 -1 -1 -1 -1 1 -1 1 -1 -1 -1 1 -1 -1 -1 
1 -1 -1 -1 -1 1 -1 -1 -1 -1 1 1 1 1 -1 1 1 1 1 -1 -1 -1 1 
1 1 -1 -1 1 -1 1 1 -1 1 -1 -1 -1 -1 1 -1 -1 1 -1 1 -1 1 1 
BrutForce Method: Imbalance = 0 --------- S = 2 11 



1 1 1 -1 -1 1 1 -1 1 -1 1 1 1 -1 -1 -1 -1 -1 1 1 -1 1 -1 
-1 1 -1 1 1 -1 -1 1 1 1 -1 -1 -1 1 -1 1 1 -1 -1 1 -1 -1 1 
-1 -1 -1 1 1 -1 1 1 1 1 1 1 -1 -1 1 1 1 -1 -1 1 -1 1 1 
1 1 -1 -1 -1 1 -1 -1 1 -1 -1 -1 -1 -1 1 -1 -1 -1 -1 -1 1 1 -1 
-1 -1 1 1 -1 -1 -1 1 -1 1 1 -1 -1 1 1 1 1 1 -1 1 1 -1 1 
BrutForce Method: Imbalance = 0 --------- S = 1 4 



1 -1 -1 1 -1 1 1 1 1 1 -1 1 -1 -1 1 1 1 1 -1 1 1 -1 -1 
1 1 1 1 -1 1 -1 1 1 -1 -1 -1 -1 -1 1 1 -1 1 -1 1 -1 -1 -1 
-1 1 -1 -1 1 1 -1 -1 -1 -1 1 1 1 1 1 1 -1 1 -1 -1 -1 -1 -1 
-1 1 -1 -1 -1 -1 -1 1 -1 -1 -1 -1 1 1 1 1 1 -1 1 1 -1 -1 -1 
-1 -1 1 1 -1 -1 -1 1 -1 1 1 -1 1 -1 1 1 -1 -1 1 1 1 1 -1 
BrutForce Method: Imbalance = 0 --------- S = 5 8 



1 -1 1 -1 -1 1 -1 -1 -1 -1 -1 1 -1 -1 -1 -1 -1 -1 1 1 1 -1 1 
-1 -1 1 -1 1 -1 1 1 1 1 -1 -1 1 1 1 1 1 1 -1 -1 1 -1 -1 
-1 1 1 -1 -1 1 -1 -1 -1 1 -1 1 1 -1 -1 -1 -1 1 1 1 1 -1 -1 
1 -1 -1 -1 -1 1 -1 1 -1 1 1 1 -1 1 1 -1 -1 -1 1 1 1 -1 -1 
1 -1 -1 -1 -1 1 -1 1 1 1 -1 1 -1 1 1 1 -1 -1 1 -1 -1 1 1 
BrutForce Method: Imbalance = 0 --------- S = 5 6 



1 -1 -1 -1 1 -1 -1 1 -1 -1 -1 1 -1 -1 1 1 -1 -1 -1 1 -1 -1 -1 
1 1 -1 1 -1 -1 -1 -1 -1 1 1 1 -1 1 -1 1 -1 -1 1 1 -1 -1 -1 
-1 1 1 1 -1 -1 1 -1 1 1 1 1 1 1 1 -1 1 -1 -1 1 1 1 1 
1 -1 -1 1 1 1 1 -1 1 -1 -1 1 1 -1 -1 1 1 -1 1 1 -1 1 1 
-1 -1 1 1 -1 1 1 -1 -1 1 -1 -1 1 -1 1 1 1 -1 -1 1 -1 1 -1 
BrutForce Method: Imbalance = 0 --------- S = 1 3 



1 -1 -1 -1 1 -1 -1 -1 -1 -1 -1 1 1 1 1 -1 1 1 -1 -1 -1 1 -1 
1 -1 -1 1 1 -1 1 1 1 1 -1 1 1 -1 -1 -1 -1 1 -1 1 -1 1 -1 
1 -1 1 -1 1 -1 1 -1 1 1 -1 1 -1 -1 -1 -1 1 1 -1 1 -1 1 1 
-1 1 -1 1 1 1 -1 -1 -1 1 -1 -1 1 -1 -1 1 -1 1 -1 -1 -1 -1 1 
-1 -1 -1 -1 1 -1 -1 -1 1 -1 -1 1 1 1 -1 1 1 -1 -1 -1 1 1 1 
BrutForce Method: Imbalance = 0 --------- S = 5 11 



1 -1 1 -1 -1 1 -1 -1 -1 -1 -1 -1 -1 1 1 -1 1 1 1 -1 -1 -1 1 
1 1 -1 -1 1 1 -1 1 -1 1 1 1 -1 -1 -1 -1 -1 1 1 1 -1 1 1 
-1 -1 1 -1 1 -1 -1 -1 1 1 1 1 1 -1 -1 -1 1 1 -1 1 1 -1 1 
1 -1 -1 -1 1 1 1 1 1 1 1 -1 -1 -1 1 1 -1 -1 1 -1 -1 -1 -1 
-1 1 -1 -1 -1 -1 -1 -1 -1 -1 -1 1 1 1 -1 -1 1 -1 -1 1 -1 -1 1 
BrutForce Method: Imbalance = 2 --------- S = 2 3 



1 -1 1 1 1 1 1 1 -1 -1 1 1 -1 1 1 -1 1 -1 1 1 -1 -1 1 
1 1 -1 1 -1 1 -1 1 -1 1 1 -1 1 1 -1 1 -1 1 1 -1 1 -1 1 
1 1 1 -1 -1 1 -1 1 1 -1 -1 1 1 1 -1 1 1 -1 1 1 1 1 -1 
1 -1 1 1 -1 1 1 1 1 1 -1 -1 -1 1 -1 -1 -1 1 1 -1 -1 -1 -1 
-1 1 -1 1 -1 1 1 1 -1 -1 -1 1 -1 -1 -1 -1 -1 1 -1 1 -1 -1 1 
BrutForce Method: Imbalance = 0 --------- S = 2 4 5 9 



-1 1 1 -1 -1 1 -1 -1 1 1 1 1 1 1 1 -1 -1 1 -1 1 -1 -1 -1 
-1 -1 -1 1 -1 -1 -1 1 1 1 -1 -1 1 1 -1 -1 -1 -1 1 1 -1 1 1 
1 -1 -1 -1 -1 -1 -1 -1 -1 1 1 -1 1 1 -1 -1 1 1 -1 1 -1 -1 1 
-1 1 1 -1 1 1 1 1 -1 -1 1 1 1 1 -1 -1 -1 -1 1 -1 1 1 1 
-1 -1 1 -1 1 -1 -1 1 1 1 1 1 1 -1 1 -1 1 1 1 -1 1 -1 1 
BrutForce Method: Imbalance = 0 --------- S = 7 10 



1 -1 1 1 -1 1 1 1 -1 1 -1 -1 1 -1 1 1 1 -1 1 1 1 1 -1 
-1 1 1 1 -1 -1 -1 1 -1 -1 1 1 -1 1 1 -1 -1 1 1 1 -1 -1 1 
1 -1 1 1 -1 -1 1 -1 1 1 -1 -1 1 1 1 1 1 -1 -1 -1 -1 -1 1 
-1 1 1 1 -1 -1 -1 -1 -1 1 -1 -1 1 -1 1 -1 1 -1 -1 1 -1 -1 -1 
-1 -1 1 1 -1 1 1 -1 1 -1 1 1 -1 1 -1 -1 -1 1 1 1 -1 -1 1 
BrutForce Method: Imbalance = 0 --------- S = 3 5 



-1 -1 -1 -1 -1 1 -1 -1 -1 -1 1 1 -1 -1 -1 -1 1 1 -1 1 1 1 -1 
1 -1 1 -1 -1 -1 1 1 1 1 1 -1 1 1 1 1 -1 1 1 -1 1 1 -1 
-1 -1 -1 -1 -1 1 1 -1 1 -1 1 1 -1 -1 1 -1 -1 -1 -1 -1 -1 1 -1 
-1 1 1 -1 -1 -1 -1 -1 1 1 1 -1 -1 1 -1 1 -1 -1 -1 -1 1 1 -1 
1 1 1 1 1 1 1 1 1 -1 1 -1 -1 -1 -1 -1 -1 1 -1 -1 1 -1 -1 
BrutForce Method: Imbalance = 0 --------- S = 6 10 



-1 -1 1 1 -1 1 -1 1 -1 -1 1 1 -1 -1 1 -1 1 -1 -1 1 1 1 1 
-1 -1 1 -1 -1 -1 -1 1 -1 1 1 -1 -1 -1 -1 -1 -1 1 1 1 1 -1 1 
-1 1 -1 1 1 1 1 1 -1 -1 -1 1 1 -1 1 -1 -1 -1 1 1 1 -1 -1 
1 1 1 -1 -1 1 1 1 1 -1 -1 -1 -1 -1 1 1 1 -1 -1 -1 -1 -1 -1 
-1 1 -1 1 -1 1 -1 -1 1 -1 1 1 -1 -1 -1 -1 -1 -1 -1 1 1 -1 -1 
BrutForce Method: Imbalance = 0 --------- S = 2 3 4 10 



1 -1 -1 1 1 1 1 -1 1 -1 -1 1 1 -1 -1 -1 -1 -1 1 -1 -1 -1 -1 
-1 1 -1 1 -1 1 1 -1 1 -1 -1 -1 -1 -1 1 -1 1 1 -1 -1 -1 -1 1 
-1 -1 1 -1 -1 1 -1 -1 -1 -1 -1 1 1 -1 1 -1 -1 -1 -1 -1 1 1 1 
1 1 1 -1 -1 1 -1 1 1 1 -1 1 1 -1 1 1 1 1 -1 -1 -1 -1 -1 
-1 -1 -1 -1 -1 -1 -1 1 -1 1 -1 1 1 1 1 -1 -1 1 -1 -1 1 -1 1 
BrutForce Method: Imbalance = 2 --------- S = 3 4 



-1 1 -1 -1 1 -1 -1 -1 -1 -1 -1 -1 1 1 -1 -1 1 1 1 1 -1 -1 1 
1 1 1 -1 -1 1 1 -1 -1 -1 1 -1 -1 -1 1 1 1 -1 -1 -1 -1 -1 1 
1 1 -1 1 -1 1 -1 1 1 1 -1 1 1 -1 -1 -1 -1 1 1 1 -1 1 1 
-1 -1 1 -1 1 1 1 -1 -1 -1 1 1 1 1 1 1 -1 1 1 1 1 1 1 
-1 1 1 -1 1 -1 -1 1 -1 1 1 1 1 1 1 -1 1 1 1 -1 -1 1 -1 
BrutForce Method: Imbalance = 0 --------- S = 1 5 



-1 -1 1 1 -1 1 1 1 -1 -1 -1 1 -1 1 1 1 1 1 1 -1 1 -1 -1 
1 1 -1 1 -1 1 1 1 1 1 1 -1 1 -1 1 -1 1 -1 1 1 1 1 -1 
1 1 -1 1 1 -1 -1 -1 -1 1 -1 1 1 -1 1 -1 -1 -1 1 1 -1 -1 -1 
-1 -1 -1 -1 -1 1 1 1 -1 -1 -1 1 -1 1 1 1 1 1 1 -1 1 -1 -1 
-1 1 1 -1 -1 -1 -1 1 -1 1 -1 -1 1 1 1 1 -1 1 -1 1 -1 1 -1 
BrutForce Method: Imbalance = 0 --------- S = 5 8 



1 -1 -1 -1 1 -1 1 1 1 1 -1 -1 -1 -1 1 -1 1 -1 -1 1 -1 1 -1 
-1 1 -1 1 1 1 1 1 1 -1 1 -1 -1 -1 1 1 1 -1 -1 -1 -1 -1 -1 
-1 -1 -1 1 -1 1 1 -1 1 -1 -1 1 1 1 1 -1 1 -1 -1 -1 -1 -1 -1 
-1 1 1 1 -1 -1 -1 1 1 1 1 -1 1 -1 -1 -1 -1 1 1 -1 -1 -1 1 
1 1 1 1 -1 -1 -1 1 1 1 1 1 1 1 1 1 -1 -1 1 1 1 1 1 
BrutForce Method: Imbalance = 0 --------- S = 3 7 



1 1 -1 1 -1 -1 -1 1 1 -1 -1 1 1 1 -1 -1 1 -1 -1 1 1 -1 -1 
1 -1 1 -1 -1 -1 1 -1 1 -1 -1 1 1 1 1 -1 1 1 1 -1 -1 -1 1 
1 -1 -1 -1 -1 1 1 1 1 -1 -1 1 1 -1 -1 -1 1 1 -1 1 1 -1 -1 
-1 -1 -1 -1 1 -1 -1 -1 -1 -1 1 1 -1 -1 1 -1 1 -1 1 -1 1 -1 -1 
-1 -1 -1 1 1 -1 1 -1 -1 1 1 -1 1 -1 -1 -1 -1 -1 1 -1 -1 1 -1 
BrutForce Method: Imbalance = 0 --------- S = 1 5 



1 -1 -1 1 -1 1 1 -1 1 -1 1 1 1 1 -1 -1 -1 1 1 1 1 1 -1 
-1 1 -1 1 -1 -1 1 -1 1 -1 -1 1 -1 -1 -1 -1 -1 1 -1 -1 1 -1 1 
-1 -1 1 1 1 -1 -1 -1 1 -1 1 1 1 -1 1 1 1 -1 -1 1 1 -1 -1 
1 1 1 -1 1 -1 1 -1 1 -1 1 1 -1 -1 1 1 -1 1 1 -1 1 1 1 
-1 -1 -1 -1 1 -1 1 -1 1 -1 1 1 1 1 -1 1 -1 1 1 1 1 1 -1 
BrutForce Method: Imbalance = 0 --------- S = 4 5 7 8 



-1 1 1 -1 1 -1 1 1 1 1 -1 1 1 1 1 1 -1 1 -1 1 1 1 1 
-1 1 -1 1 1 1 1 1 -1 1 1 -1 -1 -1 1 1 1 -1 -1 -1 -1 -1 1 
1 1 -1 1 -1 -1 1 1 1 -1 -1 1 -1 1 -1 -1 1 1 -1 1 1 1 1 
1 1 1 1 1 -1 1 -1 -1 -1 1 -1 -1 -1 1 1 1 -1 1 1 -1 -1 1 
1 1 -1 -1 -1 -1 1 -1 -1 -1 1 -1 1 1 1 -1 -1 -1 1 -1 1 1 1 
BrutForce Method: Imbalance = 0 --------- S = 1 10 



-1 -1 -1 1 -1 -1 1 -1 1 1 -1 -1 -1 -1 -1 1 -1 1 1 1 -1 1 -1 
-1 -1 -1 -1 -1 -1 -1 1 1 -1 1 1 1 1 1 1 1 -1 -1 -1 -1 -1 1 
1 -1 1 1 -1 -1 1 -1 -1 1 -1 1 -1 1 -1 1 -1 -1 -1 1 1 -1 1 
-1 -1 1 1 1 -1 -1 -1 -1 -1 1 1 1 -1 1 -1 -1 1 -1 1 1 1 -1 
1 1 -1 1 1 1 -1 1 -1 1 -1 1 -1 -1 1 -1 1 -1 1 -1 1 -1 -1 
BrutForce Method: Imbalance = 0 --------- S = 3 4 8 9 



1 -1 -1 1 1 1 -1 1 1 1 1 -1 1 -1 1 -1 1 -1 -1 1 1 -1 -1 
1 1 1 -1 1 -1 -1 -1 -1 1 1 1 1 -1 -1 -1 1 1 -1 1 1 1 1 
1 1 -1 -1 1 1 1 -1 -1 -1 1 -1 -1 1 -1 1 1 1 -1 -1 -1 1 -1 
-1 -1 -1 1 -1 1 -1 1 -1 -1 -1 1 1 1 -1 1 -1 -1 1 1 1 -1 1 
1 -1 -1 -1 1 -1 -1 -1 -1 1 -1 1 -1 1 -1 1 1 -1 -1 1 1 -1 -1 
BrutForce Method: Imbalance = 2 --------- S = 1 4 



-1 -1 1 -1 1 -1 -1 -1 -1 -1 1 -1 -1 1 -1 1 1 -1 1 -1 1 1 1 
1 -1 -1 -1 -1 -1 -1 1 -1 1 1 1 -1 -1 1 1 -1 1 1 -1 1 1 1 
-1 1 -1 -1 1 1 1 -1 -1 -1 1 -1 -1 -1 -1 -1 -1 -1 1 1 -1 1 -1 
-1 1 1 1 1 -1 -1 -1 1 1 -1 -1 1 1 1 1 1 -1 1 -1 1 1 -1 
1 -1 -1 -1 1 1 -1 1 1 -1 1 1 1 -1 1 -1 -1 1 1 -1 -1 1 -1 
BrutForce Method: Imbalance = 0 --------- S = 1 2 3 11 



-1 1 -1 -1 -1 -1 1 -1 1 1 -1 1 -1 1 -1 1 1 -1 -1 1 -1 1 -1 
-1 1 -1 1 1 -1 -1 1 1 -1 -1 1 1 -1 -1 1 -1 -1 1 -1 1 1 -1 
-1 1 -1 1 -1 1 1 -1 -1 -1 1 -1 -1 -1 1 1 1 -1 -1 1 -1 -1 1 
-1 1 1 -1 1 1 1 -1 -1 -1 -1 1 -1 1 -1 1 1 -1 -1 -1 1 1 -1 
-1 -1 -1 -1 1 1 -1 -1 1 -1 -1 1 1 -1 1 1 1 1 1 1 -1 -1 -1 
BrutForce Method: Imbalance = 0 --------- S = 1 2 6 9 



1 1 1 1 -1 -1 -1 1 1 1 1 -1 -1 1 1 -1 1 -1 -1 1 -1 1 1 
-1 1 -1 -1 -1 1 -1 -1 -1 -1 1 1 -1 -1 -1 1 -1 1 -1 1 1 1 1 
-1 1 -1 1 1 -1 -1 1 -1 -1 1 1 1 -1 1 1 1 -1 -1 1 1 1 -1 
-1 1 -1 1 -1 1 -1 1 1 -1 1 -1 1 1 1 1 1 -1 -1 1 1 1 1 
1 1 -1 -1 -1 1 -1 1 -1 1 1 -1 1 -1 -1 1 1 1 -1 -1 1 1 -1 
BrutForce Method: Imbalance = 0 --------- S = 2 3 5 6 



1 -1 1 1 -1 1 -1 1 -1 1 -1 1 -1 -1 -1 -1 -1 1 1 -1 -1 -1 1 
1 -1 1 -1 1 1 -1 -1 1 -1 1 1 1 1 1 1 -1 -1 -1 1 1 -1 1 
-1 1 -1 -1 -1 1 -1 -1 -1 1 1 1 -1 -1 -1 -1 1 1 1 -1 -1 -1 1 
-1 1 -1 -1 1 1 1 -1 1 1 -1 1 -1 1 1 1 1 1 1 -1 1 -1 1 
1 1 1 -1 -1 1 1 1 1 1 -1 1 -1 1 1 -1 1 1 -1 1 1 -1 1 
BrutForce Method: Imbalance = 0 --------- S = 4 6 7 11 



-1 1 1 1 -1 1 1 1 -1 -1 -1 1 1 1 -1 -1 -1 -1 -1 -1 -1 -1 -1 
-1 1 1 1 1 1 1 -1 1 -1 -1 1 -1 -1 -1 1 1 1 -1 1 1 -1 -1 
1 -1 -1 1 -1 1 1 -1 -1 -1 1 -1 1 1 -1 1 1 -1 -1 -1 1 1 -1 
1 1 -1 1 -1 -1 1 -1 -1 -1 -1 -1 -1 1 -1 -1 -1 -1 1 1 1 1 -1 
-1 -1 1 1 1 1 -1 -1 1 1 -1 -1 -1 1 1 -1 1 -1 -1 1 -1 1 -1 
BrutForce Method: Imbalance = 0 --------- S = 1 3 



-1 1 -1 1 -1 -1 1 -1 1 -1 -1 -1 1 -1 1 -1 1 -1 1 -1 1 1 -1 
-1 -1 1 -1 -1 1 -1 1 1 -1 1 1 -1 1 -1 1 1 -1 -1 1 1 -1 -1 
1 1 -1 1 -1 1 -1 -1 1 1 1 -1 -1 1 -1 -1 -1 -1 -1 -1 -1 1 1 
1 1 -1 1 1 -1 -1 1 1 -1 -1 1 -1 -1 -1 1 1 1 1 -1 1 1 1 
1 -1 1 -1 -1 1 1 1 1 1 -1 -1 -1 -1 1 1 -1 1 -1 1 1 -1 -1 
BrutForce Method: Imbalance = 0 --------- S = 2 3 



-1 -1 -1 -1 -1 -1 1 1 1 -1 1 -1 1 1 1 1 1 1 -1 1 1 1 1 
-1 1 -1 1 -1 1 1 -1 -1 -1 1 -1 -1 -1 -1 1 -1 -1 -1 1 1 -1 1 
1 -1 1 -1 -1 1 -1 -1 1 -1 -1 -1 -1 1 -1 -1 -1 -1 -1 -1 1 -1 1 
-1 1 -1 -1 1 -1 1 1 1 -1 -1 -1 -1 1 -1 -1 1 1 1 -1 -1 1 1 
-1 1 1 -1 1 1 1 1 -1 -1 -1 -1 1 -1 1 1 -1 -1 1 1 -1 -1 -1 
BrutForce Method: Imbalance = 0 --------- S = 1 7 



1 1 -1 1 -1 -1 -1 -1 1 1 1 1 -1 1 -1 -1 1 1 1 -1 1 -1 1 
-1 1 1 1 1 -1 -1 -1 1 -1 -1 1 1 -1 1 -1 1 1 1 1 -1 1 -1 
1 -1 1 -1 1 1 1 1 1 -1 -1 1 1 1 -1 -1 1 1 1 1 1 1 -1 
-1 1 1 -1 -1 -1 1 1 1 1 -1 1 -1 -1 -1 -1 1 -1 1 -1 1 -1 1 
-1 -1 1 1 -1 1 -1 -1 1 -1 -1 1 -1 -1 -1 1 1 1 -1 1 -1 -1 1 
BrutForce Method: Imbalance = 0 --------- S = 2 6 



1 -1 1 -1 -1 -1 -1 -1 1 1 -1 1 1 -1 1 1 -1 -1 -1 1 -1 1 -1 
1 1 -1 1 1 1 -1 1 1 1 1 -1 1 1 -1 1 1 1 1 1 -1 -1 -1 
-1 -1 1 1 -1 1 1 -1 1 -1 1 1 -1 -1 1 1 -1 1 -1 1 -1 1 1 
-1 -1 -1 -1 1 -1 -1 1 -1 1 1 -1 -1 -1 1 1 1 1 1 -1 1 1 1 
1 -1 1 -1 1 -1 -1 -1 -1 -1 -1 -1 1 -1 1 1 -1 1 -1 1 -1 1 1 
BrutForce Method: Imbalance = 0 --------- S = 3 8 



-1 -1 1 -1 -1 -1 -1 1 -1 1 -1 1 -1 1 -1 -1 1 -1 1 1 -1 1 -1 
-1 -1 1 -1 -1 1 -1 -1 1 1 1 1 1 -1 1 1 -1 1 1 -1 -1 1 1 
1 -1 -1 -1 1 1 1 -1 1 -1 -1 1 1 1 1 1 -1 1 -1 -1 1 -1 -1 
-1 1 1 1 1 -1 1 1 -1 1 1 1 1 1 -1 -1 1 1 1 1 1 -1 1 
-1 1 -1 -1 -1 1 1 -1 -1 1 -1 -1 -1 1 -1 -1 -1 1 1 1 -1 -1 -1 
BrutForce Method: Imbalance = 0 --------- S = 6 8 



1 -1 -1 1 -1 -1 -1 1 -1 -1 1 1 -1 -1 1 -1 -1 -1 1 1 1 -1 -1 
1 -1 -1 -1 1 -1 -1 1 1 -1 1 1 1 1 1 -1 1 -1 -1 -1 -1 -1 -1 
-1 1 -1 -1 1 1 -1 -1 1 1 -1 -1 1 1 1 -1 1 1 1 1 1 1 -1 
-1 -1 -1 -1 -1 1 -1 1 -1 1 -1 -1 -1 -1 1 -1 -1 -1 -1 1 1 1 1 
1 -1 1 -1 -1 -1 -1 1 -1 1 -1 -1 1 -1 1 1 -1 1 1 -1 -1 -1 -1 
BrutForce Method: Imbalance = 0 --------- S = 1 6 



-1 -1 1 -1 1 -1 1 1 -1 -1 1 1 1 1 -1 1 -1 -1 -1 1 -1 -1 -1 
-1 1 -1 1 -1 1 -1 -1 -1 1 -1 -1 1 1 1 -1 1 1 -1 1 -1 -1 -1 
-1 1 1 -1 1 -1 1 1 -1 1 -1 1 1 -1 1 1 -1 -1 -1 -1 -1 1 1 
-1 1 -1 -1 -1 1 -1 -1 1 1 1 1 -1 1 -1 1 -1 -1 -1 -1 1 -1 1 
-1 -1 1 1 -1 -1 -1 1 -1 -1 1 -1 1 -1 1 -1 1 -1 1 1 -1 1 -1 
BrutForce Method: Imbalance = 0 --------- S = 3 6 



1 1 1 1 1 1 -1 1 1 -1 -1 1 -1 -1 1 1 -1 -1 1 -1 1 -1 -1 
1 1 1 -1 1 1 1 -1 1 1 -1 -1 1 1 1 1 1 1 1 -1 -1 1 -1 
1 1 -1 -1 1 -1 1 1 -1 -1 1 -1 -1 1 1 -1 1 1 1 -1 1 1 1 
1 -1 -1 -1 -1 1 -1 -1 1 -1 1 -1 1 -1 1 1 -1 1 -1 -1 1 1 -1 
1 1 1 1 1 -1 1 -1 -1 -1 -1 -1 1 1 -1 -1 1 -1 1 -1 -1 -1 1 
BrutForce Method: Imbalance = 0 --------- S = 3 11 



-1 -1 -1 1 1 -1 -1 1 1 1 1 -1 -1 1 -1 1 -1 1 -1 1 -1 1 -1 
-1 1 -1 -1 1 1 -1 -1 -1 -1 1 -1 1 -1 -1 -1 1 -1 -1 -1 -1 -1 1 
1 1 -1 1 1 -1 -1 -1 1 -1 -1 1 1 -1 1 1 -1 -1 1 1 1 -1 1 
-1 -1 -1 -1 1 1 1 -1 1 1 1 1 1 -1 1 1 -1 -1 1 -1 1 1 -1 
1 -1 -1 1 -1 -1 -1 1 1 1 -1 -1 1 1 1 1 1 1 1 -1 -1 1 -1 
BrutForce Method: Imbalance = 0 --------- S = 4 6 



-1 1 -1 1 -1 1 1 1 1 -1 -1 -1 -1 1 1 -1 -1 1 1 -1 -1 1 1 
-1 1 1 -1 -1 -1 -1 -1 1 -1 1 -1 -1 -1 -1 1 1 1 1 -1 1 -1 1 
-1 -1 -1 1 1 1 -1 1 1 -1 -1 1 1 1 -1 -1 -1 1 -1 -1 1 1 1 
1 -1 -1 -1 -1 1 1 1 -1 1 -1 1 1 1 -1 1 1 1 1 -1 1 1 1 
1 -1 1 -1 -1 -1 1 -1 1 1 -1 -1 -1 1 -1 1 1 1 1 -1 1 -1 1 
BrutForce Method: Imbalance = 0 --------- S = 3 6 



-1 1 -1 1 1 1 1 1 -1 1 1 1 1 1 -1 -1 1 -1 -1 -1 -1 1 -1 
1 -1 1 -1 1 -1 1 1 1 -1 -1 -1 -1 1 1 -1 -1 -1 1 -1 1 -1 -1 
1 -1 -1 -1 1 1 -1 -1 -1 -1 -1 1 1 1 1 1 1 1 -1 -1 -1 1 -1 
-1 -1 -1 -1 -1 1 -1 -1 -1 1 1 -1 -1 -1 -1 -1 -1 -1 -1 1 1 1 1 
1 1 -1 1 1 -1 1 -1 -1 1 1 1 -1 -1 -1 -1 1 -1 -1 1 -1 1 1 
BrutForce Method: Imbalance = 0 --------- S = 1 3 6 10 



-1 -1 -1 1 1 -1 -1 -1 -1 1 -1 1 -1 -1 1 1 -1 -1 1 -1 -1 1 -1 
1 1 1 -1 -1 -1 -1 -1 1 1 1 -1 -1 1 -1 1 1 -1 -1 1 1 1 -1 
1 1 1 1 1 -1 -1 -1 1 1 -1 1 1 1 1 1 1 1 1 1 1 -1 -1 
1 -1 -1 -1 1 -1 -1 -1 -1 -1 1 1 1 -1 -1 -1 -1 1 -1 -1 1 1 -1 
-1 -1 -1 1 -1 1 1 1 -1 1 -1 1 1 1 1 -1 -1 -1 1 -1 -1 -1 -1 
BrutForce Method: Imbalance = 0 --------- S = 4 11 



-1 1 1 1 1 -1 1 1 -1 -1 1 1 1 -1 -1 -1 1 -1 1 1 1 1 -1 
-1 1 -1 1 -1 1 1 1 1 -1 -1 1 -1 -1 1 1 1 -1 -1 -1 -1 1 -1 
1 -1 1 1 -1 -1 -1 -1 -1 1 1 1 -1 1 -1 -1 1 1 -1 -1 -1 -1 -1 
1 1 -1 -1 1 -1 1 1 -1 -1 -1 -1 -1 1 1 -1 1 1 1 -1 1 1 1 
-1 1 -1 -1 -1 -1 1 1 -1 1 -1 -1 -1 1 -1 1 -1 -1 -1 -1 1 -1 1 
BrutForce Method: Imbalance = 0 --------- S = 1 2 3 6 7 10 



-1 1 -1 1 1 1 1 1 1 1 -1 1 -1 1 -1 1 1 1 1 1 1 1 1 
-1 -1 1 1 -1 -1 -1 -1 -1 1 -1 1 -1 1 -1 1 1 -1 -1 -1 1 1 -1 
-1 1 -1 -1 1 -1 -1 1 1 1 -1 1 1 -1 -1 -1 1 -1 1 -1 1 1 -1 
-1 -1 1 1 -1 -1 1 -1 -1 -1 -1 1 -1 -1 1 -1 -1 -1 -1 -1 1 1 1 
-1 1 1 -1 1 1 -1 -1 -1 1 1 1 -1 -1 1 -1 1 -1 1 -1 -1 -1 -1 
BrutForce Method: Imbalance = 0 --------- S = 3 8 



1 1 1 1 -1 -1 1 -1 -1 1 -1 1 1 1 -1 -1 -1 1 -1 1 1 1 1 
-1 1 1 -1 -1 -1 1 -1 -1 -1 1 1 -1 1 1 1 -1 -1 -1 -1 1 -1 1 
1 1 1 -1 -1 -1 -1 -1 -1 -1 1 -1 1 -1 1 -1 1 -1 1 -1 1 -1 1 
1 -1 -1 -1 1 1 -1 -1 1 -1 1 -1 -1 -1 1 1 1 -1 1 -1 1 -1 1 
1 1 1 1 -1 1 -1 -1 1 1 1 -1 1 1 -1 -1 1 1 -1 -1 -1 -1 1 
BrutForce Method: Imbalance = 0 --------- S = 2 5 



1 1 -1 -1 -1 -1 1 -1 -1 1 -1 -1 -1 -1 1 -1 -1 -1 1 -1 1 1 1 
-1 1 -1 -1 -1 -1 1 1 -1 -1 1 -1 1 1 1 -1 -1 -1 1 -1 1 -1 1 
1 -1 1 -1 -1 1 1 -1 -1 1 1 1 -1 -1 1 -1 1 -1 -1 -1 -1 1 1 
-1 -1 -1 -1 1 1 1 -1 1 1 -1 -1 -1 -1 -1 -1 -1 1 1 1 -1 -1 1 
1 1 -1 1 -1 1 -1 1 1 1 -1 1 -1 -1 -1 -1 -1 -1 -1 1 1 -1 -1 
BrutForce Method: Imbalance = 0 --------- S = 4 7 



-1 1 1 -1 -1 -1 -1 -1 -1 1 1 -1 1 1 1 1 1 -1 1 -1 1 -1 -1 
1 1 1 -1 -1 -1 1 -1 -1 -1 -1 -1 1 1 1 1 -1 1 -1 -1 1 1 -1 
-1 1 -1 1 -1 -1 1 1 1 1 1 -1 -1 -1 -1 1 -1 -1 -1 1 1 1 1 
1 -1 1 1 -1 1 1 -1 -1 1 1 -1 1 1 -1 -1 -1 1 -1 1 1 -1 1 
-1 -1 -1 1 -1 1 -1 1 1 1 -1 -1 -1 -1 -1 1 -1 1 -1 1 1 1 1 
BrutForce Method: Imbalance = 0 --------- S = 2 6 



-1 1 -1 1 1 1 1 1 1 1 -1 1 1 1 -1 1 1 1 1 -1 -1 1 -1 
1 1 -1 1 -1 1 -1 1 1 1 1 -1 1 1 1 1 -1 -1 -1 1 1 1 1 
1 1 1 -1 1 -1 1 1 1 1 1 -1 -1 -1 1 1 1 1 1 -1 1 -1 -1 
1 1 1 1 1 1 -1 -1 1 -1 1 -1 -1 1 1 1 -1 1 1 -1 1 1 -1 
1 -1 -1 1 1 -1 1 1 -1 -1 -1 -1 1 1 1 -1 -1 -1 1 -1 1 1 1 
BrutForce Method: Imbalance = 2 --------- S = 3 4 



1 1 1 1 1 1 -1 -1 -1 1 -1 -1 1 -1 -1 -1 -1 1 1 1 1 1 -1 
1 1 1 1 1 -1 -1 1 1 -1 -1 -1 -1 -1 1 1 -1 -1 -1 1 1 1 -1 
-1 1 -1 1 -1 -1 1 -1 1 1 -1 1 -1 1 -1 1 1 -1 1 -1 -1 1 -1 
1 -1 -1 -1 -1 -1 -1 1 -1 1 1 1 1 -1 1 -1 -1 1 1 1 1 1 1 
1 -1 1 1 1 -1 1 -1 -1 1 1 -1 -1 -1 -1 -1 1 -1 1 1 -1 -1 1 
BrutForce Method: Imbalance = 0 --------- S = 1 6 7 8 9 10 



1 -1 -1 -1 -1 -1 -1 -1 -1 1 -1 1 -1 1 -1 -1 1 1 -1 1 -1 -1 1 
1 1 -1 1 -1 1 -1 -1 1 -1 1 -1 1 -1 1 -1 -1 1 -1 1 -1 -1 1 
1 1 1 -1 -1 -1 1 -1 1 1 1 1 1 -1 1 -1 -1 1 -1 1 -1 -1 1 
1 1 1 1 -1 -1 1 -1 -1 1 -1 -1 -1 -1 -1 -1 1 -1 1 1 1 -1 1 
-1 -1 1 -1 1 -1 -1 1 1 -1 -1 -1 1 -1 1 -1 1 -1 1 -1 1 1 1 
BrutForce Method: Imbalance = 0 --------- S = 1 5 



-1 1 1 -1 -1 1 1 1 1 1 1 -1 1 -1 1 1 1 1 -1 -1 -1 -1 1 
-1 -1 1 -1 -1 -1 -1 1 1 -1 1 1 1 -1 1 -1 -1 1 -1 1 1 1 -1 
1 1 -1 1 -1 -1 1 -1 1 -1 -1 -1 -1 -1 -1 1 -1 -1 1 -1 1 1 1 
1 -1 -1 1 -1 -1 -1 1 1 -1 1 -1 -1 1 -1 1 1 1 -1 1 1 1 -1 
-1 1 1 -1 -1 -1 -1 -1 1 -1 -1 -1 1 1 -1 -1 -1 1 1 1 1 -1 1 
BrutForce Method: Imbalance = 0 --------- S = 1 3 



1 1 -1 -1 -1 -1 -1 -1 1 -1 -1 -1 -1 1 1 1 1 1 1 -1 -1 -1 1 
1 -1 1 1 -1 -1 1 -1 1 1 1 -1 -1 1 1 1 1 -1 -1 1 -1 -1 1 
-1 1 1 -1 1 -1 1 -1 -1 -1 -1 1 -1 -1 1 -1 1 -1 1 -1 1 -1 -1 
-1 1 -1 1 -1 1 1 -1 -1 -1 1 1 -1 -1 1 1 -1 1 1 1 1 1 1 
-1 1 1 -1 1 -1 1 -1 -1 1 1 -1 -1 -1 -1 -1 1 1 -1 1 1 -1 1 
BrutForce Method: Imbalance = 0 --------- S = 1 2 4 5 



1 -1 1 -1 1 1 -1 1 1 -1 1 1 1 -1 1 1 -1 -1 1 1 -1 1 1 
1 -1 -1 1 1 -1 -1 -1 1 -1 -1 -1 1 -1 1 -1 -1 1 -1 1 -1 1 -1 
1 -1 1 1 1 1 1 -1 1 -1 -1 -1 1 -1 1 -1 1 -1 -1 -1 1 -1 -1 
1 1 1 1 1 1 1 -1 -1 -1 1 -1 1 1 1 -1 -1 1 -1 -1 1 1 -1 
-1 1 -1 -1 -1 -1 1 1 1 -1 1 -1 -1 -1 1 -1 1 1 1 -1 -1 1 1 
BrutForce Method: Imbalance = 0 --------- S = 4 8 



-1 1 1 1 1 -1 1 -1 -1 1 1 1 1 1 -1 1 -1 1 -1 -1 -1 1 -1 
-1 1 -1 1 -1 1 1 -1 1 -1 1 1 1 -1 1 -1 1 -1 1 1 -1 1 -1 
-1 1 -1 -1 -1 -1 -1 -1 -1 -1 -1 1 -1 -1 1 -1 -1 1 -1 -1 -1 1 1 
-1 -1 -1 1 -1 -1 1 1 -1 1 1 1 1 -1 -1 1 -1 1 -1 -1 1 -1 1 
-1 1 -1 -1 1 -1 1 -1 1 -1 -1 -1 -1 1 1 1 1 -1 -1 1 1 1 1 
BrutForce Method: Imbalance = 0 --------- S = 2 8 



-1 -1 -1 -1 1 1 1 -1 1 -1 -1 -1 -1 1 -1 -1 1 -1 1 1 1 -1 1 
1 -1 1 1 -1 -1 -1 -1 1 -1 -1 -1 1 1 -1 1 -1 1 1 -1 1 1 1 
-1 1 -1 -1 -1 -1 1 1 1 1 -1 1 1 1 1 1 1 -1 -1 1 -1 -1 -1 
-1 1 1 -1 1 -1 1 1 -1 1 -1 -1 -1 1 -1 -1 1 1 1 -1 1 -1 1 
1 -1 -1 -1 1 1 -1 1 1 1 1 -1 1 1 -1 1 1 1 -1 -1 -1 1 -1 
BrutForce Method: Imbalance = 0 --------- S = 1 7 



-1 1 1 1 -1 1 -1 1 -1 1 1 1 1 -1 -1 -1 1 1 -1 -1 1 -1 -1 
1 -1 -1 1 1 1 1 1 -1 -1 1 -1 -1 1 1 1 -1 -1 1 -1 1 1 1 
-1 -1 1 1 1 1 -1 -1 -1 -1 1 -1 1 -1 -1 1 1 1 1 1 -1 -1 -1 
-1 -1 1 1 -1 -1 1 1 1 -1 -1 -1 1 1 1 -1 1 -1 -1 1 1 -1 -1 
1 -1 1 1 1 1 1 1 -1 1 -1 -1 1 -1 -1 -1 -1 1 -1 1 -1 -1 1 
BrutForce Method: Imbalance = 0 --------- S = 2 4 5 9 



-1 -1 1 -1 -1 -1 -1 -1 -1 1 1 -1 -1 1 -1 1 -1 1 1 1 1 1 -1 
-1 -1 1 1 -1 -1 1 -1 1 1 -1 -1 -1 1 1 -1 1 1 -1 -1 1 1 1 
-1 1 -1 -1 -1 -1 1 1 1 1 -1 -1 1 1 -1 -1 -1 -1 -1 1 -1 -1 1 
1 1 -1 -1 -1 -1 -1 1 1 -1 -1 -1 -1 1 1 -1 -1 -1 -1 -1 -1 1 1 
1 1 -1 1 -1 -1 1 1 1 -1 1 -1 -1 1 -1 1 1 -1 1 -1 1 1 -1 
BrutForce Method: Imbalance = 0 --------- S = 2 3 



1 1 1 -1 1 1 -1 -1 -1 -1 -1 -1 1 -1 1 -1 1 -1 -1 1 1 1 1 
1 1 1 1 1 1 1 -1 1 -1 -1 1 -1 1 -1 -1 -1 -1 -1 1 -1 1 1 
1 1 1 -1 -1 1 -1 -1 -1 -1 -1 -1 -1 1 1 1 -1 -1 -1 1 1 1 1 
1 1 -1 -1 1 -1 -1 1 -1 -1 -1 1 1 1 1 -1 1 1 -1 1 -1 1 -1 
-1 1 1 -1 -1 1 -1 -1 1 1 1 -1 1 -1 -1 -1 -1 -1 -1 -1 1 -1 -1 
BrutForce Method: Imbalance = 0 --------- S = 3 8 



-1 1 1 -1 -1 1 1 1 -1 -1 1 -1 -1 -1 1 1 -1 1 1 1 1 1 -1 
1 1 -1 1 -1 -1 -1 1 -1 -1 -1 -1 1 1 -1 -1 -1 -1 1 -1 1 1 1 
-1 1 -1 -1 -1 -1 1 1 -1 -1 1 1 -1 1 -1 -1 -1 1 -1 -1 -1 1 1 
-1 -1 -1 1 1 1 -1 -1 -1 1 1 1 1 1 1 -1 1 -1 1 1 -1 -1 -1 
1 1 -1 -1 1 1 1 -1 -1 1 -1 1 1 1 -1 1 -1 -1 1 1 -1 1 -1 
BrutForce Method: Imbalance = 0 --------- S = 4 7 



-1 -1 -1 -1 -1 1 -1 1 -1 -1 1 1 -1 -1 -1 1 -1 -1 1 -1 -1 1 1 
1 1 -1 1 -1 1 -1 -1 -1 -1 1 1 1 1 -1 1 -1 -1 1 -1 1 -1 -1 
-1 -1 -1 -1 1 1 1 -1 -1 1 -1 1 1 -1 1 1 -1 1 1 -1 -1 -1 -1 
-1 -1 1 -1 1 -1 1 1 -1 1 1 -1 1 -1 1 -1 -1 1 1 1 1 -1 1 
1 1 1 1 -1 1 -1 1 1 1 1 1 1 -1 -1 1 -1 -1 -1 1 1 1 -1 
BrutForce Method: Imbalance = 2 --------- S = 1 5 



-1 -1 -1 1 -1 -1 -1 -1 -1 1 1 1 -1 -1 1 1 -1 1 -1 1 1 -1 1 
-1 -1 -1 -1 1 1 1 -1 -1 1 1 -1 1 -1 1 -1 1 -1 -1 -1 -1 -1 1 
1 -1 1 1 1 -1 1 -1 -1 1 -1 1 -1 1 -1 -1 -1 -1 1 -1 1 -1 1 
1 -1 1 1 1 -1 1 1 -1 -1 1 -1 -1 1 -1 1 -1 1 1 1 -1 -1 1 
-1 -1 -1 1 -1 -1 1 1 1 1 -1 -1 -1 1 1 -1 1 1 1 1 -1 1 1 
BrutForce Method: Imbalance = 0 --------- S = 4 6 



