n = 30   m = 6   k = 10


1 -1 -1 1 -1 1 -1 1 1 -1 1 1 1 1 1 1 1 1 -1 1 1 -1 -1 1 -1 1 1 1 -1 1 
-1 -1 -1 1 1 1 -1 1 1 -1 -1 -1 1 1 -1 -1 1 1 1 -1 1 -1 -1 -1 -1 -1 1 -1 -1 1 
-1 -1 -1 -1 1 -1 1 -1 -1 1 -1 1 1 1 1 -1 -1 -1 1 -1 -1 1 -1 -1 1 -1 1 -1 -1 -1 
1 1 1 1 -1 1 1 -1 -1 -1 -1 -1 -1 1 1 -1 1 1 1 1 1 1 -1 -1 1 1 -1 -1 -1 -1 
-1 -1 1 -1 1 -1 -1 -1 1 -1 -1 1 1 -1 1 1 1 1 1 -1 -1 -1 -1 1 1 -1 -1 1 1 1 
-1 1 -1 1 1 1 -1 1 1 1 1 1 1 1 -1 1 -1 -1 1 -1 1 1 -1 -1 1 -1 -1 -1 1 1 
BrutForce Method: Imbalance = 0 --------- S = 1 5 



1 -1 -1 1 -1 1 1 1 -1 1 -1 1 -1 1 -1 1 -1 1 1 -1 -1 -1 1 1 -1 -1 1 -1 1 1 
-1 1 1 -1 -1 1 -1 -1 1 1 1 -1 1 1 1 -1 -1 -1 -1 -1 -1 -1 -1 -1 -1 -1 -1 -1 -1 -1 
1 1 -1 -1 1 -1 1 1 1 -1 -1 -1 -1 1 -1 1 -1 1 1 1 -1 -1 -1 -1 1 -1 1 -1 1 -1 
-1 -1 1 -1 -1 1 -1 -1 -1 -1 1 -1 -1 1 -1 1 1 1 1 1 -1 -1 -1 -1 1 1 -1 -1 1 -1 
1 -1 -1 -1 1 -1 1 -1 -1 -1 -1 1 -1 1 1 -1 -1 -1 -1 -1 1 1 1 1 1 -1 1 1 -1 -1 
-1 -1 -1 -1 -1 1 1 1 -1 1 -1 1 -1 1 -1 1 1 -1 -1 1 -1 -1 1 1 -1 -1 -1 1 1 1 
BrutForce Method: Imbalance = 0 --------- S = 5 6 



1 -1 1 1 1 1 -1 -1 1 1 -1 1 -1 -1 -1 -1 -1 1 -1 -1 -1 1 1 -1 1 -1 1 -1 -1 -1 
1 1 1 -1 -1 1 1 1 1 1 -1 1 1 -1 -1 1 1 -1 -1 -1 -1 -1 1 -1 -1 -1 1 1 -1 1 
-1 -1 -1 -1 1 1 -1 1 1 1 -1 -1 -1 1 1 -1 -1 -1 1 1 1 -1 1 -1 -1 1 1 -1 -1 1 
1 -1 1 -1 1 -1 -1 1 -1 1 -1 1 -1 1 -1 -1 1 1 1 -1 -1 -1 -1 1 1 1 -1 -1 -1 1 
-1 1 -1 1 1 -1 1 1 1 -1 1 1 -1 -1 1 1 -1 1 1 1 1 -1 1 1 1 1 1 1 1 1 
1 1 -1 -1 1 1 -1 -1 1 1 -1 -1 -1 1 1 -1 -1 -1 1 1 1 -1 1 -1 -1 1 1 1 -1 1 
BrutForce Method: Imbalance = 0 --------- S = 10 11 



1 -1 -1 -1 -1 1 -1 1 1 1 1 -1 -1 1 -1 -1 -1 -1 -1 -1 -1 -1 -1 -1 -1 -1 1 1 -1 -1 
-1 -1 -1 -1 -1 -1 1 1 1 -1 1 1 1 -1 -1 1 1 1 1 -1 1 1 -1 -1 1 -1 1 1 -1 1 
1 1 -1 -1 -1 -1 -1 -1 1 1 1 -1 1 1 -1 -1 1 1 -1 1 1 -1 -1 1 -1 -1 -1 -1 -1 1 
1 -1 1 1 1 1 -1 1 1 1 1 1 -1 -1 1 -1 -1 -1 1 -1 1 1 1 -1 -1 1 1 -1 -1 -1 
-1 1 1 1 -1 1 -1 1 -1 1 -1 1 -1 1 -1 -1 -1 1 -1 1 1 -1 -1 -1 -1 -1 1 1 -1 1 
1 1 -1 1 1 1 1 1 1 1 -1 1 1 -1 -1 -1 -1 -1 -1 1 1 -1 1 1 -1 1 1 1 -1 1 
BrutForce Method: Imbalance = 2 --------- S = 3 9 



1 1 1 -1 1 -1 1 -1 -1 -1 1 1 -1 -1 -1 1 1 1 1 1 -1 1 -1 -1 1 -1 1 1 -1 1 
1 1 -1 1 1 1 1 1 -1 -1 1 1 1 -1 1 1 -1 -1 -1 -1 -1 -1 -1 -1 -1 1 1 -1 -1 -1 
-1 1 -1 1 -1 1 -1 1 -1 -1 1 1 1 -1 1 -1 -1 1 -1 -1 -1 1 1 1 -1 1 -1 1 -1 -1 
1 1 -1 1 -1 -1 -1 1 1 -1 -1 1 1 -1 1 -1 1 -1 1 1 1 1 1 1 -1 1 1 1 -1 -1 
1 1 -1 -1 1 1 -1 -1 1 -1 -1 -1 1 -1 1 1 -1 -1 1 1 -1 -1 -1 1 1 -1 1 -1 -1 1 
1 1 -1 1 -1 -1 -1 1 -1 -1 1 -1 1 1 1 1 1 1 1 1 1 1 1 -1 -1 -1 1 -1 -1 1 
BrutForce Method: Imbalance = 0 --------- S = 2 9 



1 -1 -1 1 1 -1 -1 1 -1 1 1 1 1 1 1 1 -1 1 -1 -1 -1 -1 1 1 1 -1 -1 1 1 -1 
1 -1 -1 1 1 -1 -1 -1 -1 1 -1 1 1 1 1 -1 1 -1 1 -1 1 1 1 1 -1 1 1 -1 -1 -1 
1 1 -1 -1 1 1 -1 -1 -1 1 -1 1 -1 -1 1 1 1 -1 -1 1 -1 -1 1 1 1 1 1 -1 -1 -1 
1 1 1 -1 -1 -1 -1 -1 -1 -1 -1 1 1 -1 1 -1 -1 1 -1 1 -1 -1 1 1 -1 -1 -1 -1 -1 -1 
-1 -1 -1 -1 -1 -1 -1 -1 1 -1 1 -1 -1 -1 1 -1 1 1 1 -1 -1 -1 -1 1 1 1 1 1 -1 -1 
1 -1 1 1 1 -1 -1 1 -1 -1 1 -1 -1 -1 -1 -1 -1 1 1 -1 -1 -1 -1 -1 -1 -1 1 1 1 -1 
BrutForce Method: Imbalance = 0 --------- S = 1 9 



-1 -1 -1 1 1 1 1 1 1 -1 1 1 1 -1 -1 -1 1 1 -1 -1 -1 -1 1 -1 -1 -1 -1 1 1 1 
1 -1 -1 1 1 1 1 1 1 1 -1 -1 1 1 -1 1 -1 1 -1 1 1 1 1 -1 -1 1 -1 1 -1 -1 
1 -1 1 1 -1 -1 1 -1 1 1 1 1 -1 1 -1 1 1 1 1 1 -1 -1 1 1 -1 -1 -1 1 1 -1 
-1 -1 1 1 -1 1 1 -1 1 -1 -1 -1 -1 -1 1 -1 1 -1 -1 -1 -1 -1 -1 -1 -1 1 1 1 -1 -1 
1 -1 1 -1 1 1 1 1 1 1 -1 1 -1 1 -1 1 -1 1 -1 -1 -1 -1 -1 -1 1 1 -1 -1 1 -1 
-1 -1 -1 1 1 1 1 -1 -1 1 1 1 -1 1 -1 -1 -1 -1 -1 1 1 -1 1 -1 -1 1 -1 1 1 -1 
BrutForce Method: Imbalance = 0 --------- S = 2 3 4 5 



-1 -1 -1 1 1 -1 1 -1 1 -1 1 1 -1 1 1 -1 1 -1 1 1 1 -1 1 -1 -1 1 1 -1 -1 -1 
-1 -1 1 1 -1 -1 -1 1 -1 1 -1 1 -1 -1 1 -1 1 -1 -1 1 1 1 1 1 -1 1 1 1 -1 1 
1 1 1 -1 1 1 -1 -1 -1 -1 -1 -1 1 -1 -1 -1 1 -1 -1 -1 1 -1 1 1 -1 -1 1 -1 -1 1 
1 1 -1 1 1 1 1 -1 1 -1 -1 -1 1 1 -1 -1 -1 -1 1 -1 1 1 1 -1 1 -1 -1 1 1 -1 
-1 -1 -1 -1 -1 1 1 -1 1 1 -1 1 1 -1 1 1 -1 1 -1 -1 -1 -1 1 1 1 1 -1 -1 -1 1 
1 -1 1 -1 -1 -1 -1 1 1 1 1 1 -1 -1 -1 1 1 -1 -1 1 -1 -1 1 -1 1 1 -1 1 1 1 
BrutForce Method: Imbalance = 0 --------- S = 3 7 



-1 1 1 1 -1 1 1 -1 -1 1 -1 -1 1 -1 -1 -1 -1 1 -1 1 -1 1 1 1 -1 1 1 1 1 -1 
1 1 1 -1 1 1 -1 1 -1 -1 1 1 1 -1 1 1 -1 -1 -1 1 -1 -1 -1 -1 1 -1 -1 -1 -1 1 
-1 1 1 1 -1 1 1 -1 -1 -1 -1 -1 1 1 1 -1 1 1 -1 -1 1 -1 1 -1 -1 -1 -1 -1 -1 1 
1 -1 -1 -1 -1 -1 1 -1 -1 1 1 -1 1 -1 1 1 1 -1 -1 1 -1 1 1 1 1 1 1 -1 1 1 
-1 -1 -1 1 1 -1 1 -1 -1 -1 1 -1 1 -1 1 1 -1 -1 -1 1 -1 -1 1 -1 -1 -1 1 1 1 -1 
1 -1 -1 -1 1 -1 1 1 -1 -1 1 1 1 1 1 1 -1 1 1 1 1 -1 -1 -1 1 1 -1 1 1 1 
BrutForce Method: Imbalance = 0 --------- S = 1 3 



-1 -1 1 -1 1 -1 -1 1 -1 -1 1 1 1 1 -1 -1 -1 1 -1 1 -1 -1 -1 1 -1 -1 1 1 -1 1 
-1 1 1 1 1 -1 -1 -1 -1 1 -1 -1 1 -1 1 -1 -1 -1 1 -1 1 1 1 1 -1 -1 1 -1 -1 -1 
1 1 1 -1 -1 1 -1 1 -1 1 -1 -1 1 1 1 -1 1 -1 1 1 1 -1 1 1 -1 1 1 -1 -1 -1 
1 1 -1 -1 -1 -1 1 1 1 1 1 -1 1 1 1 -1 1 1 1 -1 -1 1 -1 -1 1 -1 -1 -1 -1 1 
-1 -1 1 1 1 1 1 -1 -1 1 1 -1 1 1 -1 -1 1 -1 -1 -1 -1 1 1 1 -1 1 1 -1 1 1 
-1 1 -1 1 1 1 -1 1 -1 1 1 1 -1 -1 -1 1 1 -1 1 1 1 -1 1 -1 1 1 -1 -1 1 1 
BrutForce Method: Imbalance = 0 --------- S = 1 5 



