n = 14   m = 3   k = 10


-1 -1 1 -1 1 1 1 -1 -1 1 -1 1 1 -1 
-1 1 -1 -1 1 -1 1 -1 -1 1 -1 -1 -1 1 
1 1 -1 1 1 1 1 -1 1 -1 1 -1 -1 -1 
BrutForce Method: Imbalance = 0 --------- S = 2 3 



-1 -1 1 1 -1 -1 -1 1 1 1 1 -1 1 -1 
-1 1 1 1 1 1 -1 -1 1 1 -1 -1 1 -1 
-1 1 -1 1 1 -1 1 -1 1 1 1 -1 1 1 
BrutForce Method: Imbalance = 0 --------- S = 1 4 



1 -1 1 1 1 1 -1 -1 -1 1 1 -1 1 1 
1 1 1 1 1 1 1 -1 1 1 -1 -1 -1 -1 
-1 1 1 1 -1 1 1 -1 -1 -1 1 1 1 -1 
BrutForce Method: Imbalance = 2 --------- S = 1 2 



-1 1 -1 1 -1 -1 -1 -1 1 1 -1 -1 -1 -1 
1 1 1 1 1 -1 -1 1 -1 1 1 1 1 -1 
1 1 -1 -1 1 -1 1 -1 -1 1 -1 1 1 -1 
BrutForce Method: Imbalance = 0 --------- S = 2 6 



-1 1 -1 -1 1 -1 -1 -1 1 1 1 -1 1 -1 
1 -1 -1 1 1 -1 1 1 -1 -1 -1 -1 -1 1 
1 1 -1 1 1 1 -1 1 1 -1 -1 1 -1 1 
BrutForce Method: Imbalance = 0 --------- S = 3 5 



-1 -1 -1 1 1 -1 -1 1 -1 -1 -1 1 -1 -1 
1 -1 1 -1 -1 1 1 1 -1 1 -1 1 -1 -1 
1 -1 -1 1 -1 1 1 1 -1 -1 -1 1 -1 -1 
BrutForce Method: Imbalance = 0 --------- S = 3 4 



-1 -1 1 1 1 1 -1 -1 -1 -1 1 -1 1 -1 
1 -1 -1 -1 -1 1 1 -1 1 -1 -1 -1 -1 -1 
-1 -1 -1 -1 -1 -1 1 1 1 -1 -1 1 -1 -1 
BrutForce Method: Imbalance = 0 --------- S = 3 7 



1 1 1 -1 -1 1 -1 -1 1 -1 -1 -1 1 -1 
1 1 -1 -1 -1 -1 1 -1 -1 -1 -1 1 -1 1 
-1 -1 1 1 1 -1 1 1 1 1 1 1 -1 -1 
BrutForce Method: Imbalance = 0 --------- S = 1 4 



1 1 -1 1 1 -1 -1 -1 1 1 -1 -1 -1 1 
-1 1 1 1 1 1 1 -1 -1 1 1 1 -1 -1 
-1 -1 1 -1 -1 -1 1 1 1 -1 1 -1 -1 -1 
BrutForce Method: Imbalance = 0 --------- S = 1 3 



-1 -1 1 1 -1 -1 1 1 -1 -1 1 1 1 1 
-1 1 -1 -1 1 -1 -1 1 1 1 -1 1 1 -1 
1 1 -1 1 1 -1 1 -1 -1 1 -1 -1 -1 1 
BrutForce Method: Imbalance = 0 --------- S = 2 3 



