n = 6   m = 5   k = 34


1 -1 1 -1 1 1 
-1 1 -1 -1 1 -1 
-1 1 1 1 1 1 
1 1 -1 -1 1 -1 
1 1 1 1 -1 1 
BrutForce Method: Imbalance = 0 --------- S = 1 



-1 -1 -1 1 -1 1 
-1 -1 -1 1 1 -1 
-1 1 1 1 1 1 
-1 -1 -1 1 -1 -1 
-1 -1 1 1 1 1 
BrutForce Method: Imbalance = 0 --------- S = 1 



1 1 1 1 1 1 
-1 1 -1 1 1 1 
1 -1 1 1 1 1 
-1 -1 -1 -1 -1 1 
-1 1 1 1 -1 1 
BrutForce Method: Imbalance = 0 --------- S = 1 



1 -1 -1 -1 -1 -1 
-1 1 1 -1 1 -1 
1 1 1 -1 -1 -1 
-1 -1 -1 -1 -1 1 
-1 1 -1 1 1 -1 
BrutForce Method: Imbalance = 0 --------- S = 1 



1 1 -1 -1 1 -1 
-1 1 1 -1 1 1 
-1 -1 1 1 1 1 
-1 -1 -1 1 -1 1 
-1 1 -1 1 1 -1 
BrutForce Method: Imbalance = 0 --------- S = 1 



-1 1 -1 1 -1 -1 
1 1 -1 -1 -1 1 
1 1 -1 -1 -1 -1 
1 1 1 1 -1 -1 
-1 -1 -1 -1 -1 1 
BrutForce Method: Imbalance = 0 --------- S = 1 



-1 -1 1 1 1 -1 
-1 1 -1 1 -1 1 
1 -1 -1 1 -1 -1 
1 1 1 1 -1 -1 
1 -1 -1 1 -1 1 
BrutForce Method: Imbalance = 0 --------- S = 1 



-1 1 -1 1 1 -1 
1 -1 1 -1 -1 -1 
1 -1 1 -1 1 1 
-1 -1 -1 -1 -1 -1 
-1 -1 1 1 1 -1 
BrutForce Method: Imbalance = 0 --------- S = 1 



-1 -1 1 -1 -1 1 
1 1 -1 1 -1 -1 
1 -1 -1 -1 1 1 
-1 -1 -1 -1 1 -1 
1 1 1 1 1 -1 
BrutForce Method: Imbalance = 0 --------- S = 1 



-1 -1 1 1 -1 1 
1 1 1 -1 -1 -1 
1 -1 -1 1 -1 -1 
-1 -1 1 -1 -1 -1 
1 -1 -1 -1 -1 1 
BrutForce Method: Imbalance = 0 --------- S = 1 



1 1 1 -1 -1 1 
-1 -1 -1 1 1 1 
-1 -1 -1 1 -1 -1 
1 1 -1 -1 1 1 
-1 1 1 1 -1 -1 
BrutForce Method: Imbalance = 0 --------- S = 1 



-1 -1 -1 1 1 1 
1 1 1 -1 1 1 
-1 -1 1 1 -1 -1 
1 1 -1 1 -1 -1 
-1 1 -1 -1 -1 -1 
BrutForce Method: Imbalance = 0 --------- S = 1 



-1 -1 1 -1 -1 -1 
1 1 1 -1 -1 -1 
-1 -1 -1 1 1 1 
1 -1 1 1 1 1 
1 -1 -1 -1 1 -1 
BrutForce Method: Imbalance = 0 --------- S = 1 



-1 -1 1 -1 -1 1 
-1 1 -1 -1 -1 -1 
-1 1 -1 1 1 1 
1 1 1 -1 1 1 
1 1 -1 -1 1 1 
BrutForce Method: Imbalance = 0 --------- S = 1 



-1 1 1 -1 -1 1 
1 1 1 1 1 -1 
1 -1 1 -1 -1 -1 
-1 1 -1 1 1 1 
1 -1 1 -1 -1 -1 
BrutForce Method: Imbalance = 0 --------- S = 1 



-1 -1 1 1 1 1 
-1 1 1 1 1 1 
1 -1 -1 -1 1 1 
-1 -1 -1 1 1 -1 
-1 1 -1 1 -1 1 
BrutForce Method: Imbalance = 0 --------- S = 1 



1 1 1 -1 1 1 
-1 1 -1 -1 -1 1 
1 -1 -1 1 -1 1 
1 -1 1 1 -1 -1 
1 1 -1 1 -1 1 
BrutForce Method: Imbalance = 0 --------- S = 1 



1 -1 -1 -1 1 1 
-1 1 1 -1 1 1 
-1 -1 1 1 -1 -1 
-1 -1 1 -1 1 -1 
1 -1 -1 -1 -1 -1 
BrutForce Method: Imbalance = 0 --------- S = 1 



-1 1 1 1 1 1 
-1 1 -1 -1 -1 1 
1 1 1 -1 -1 -1 
1 -1 1 1 1 1 
1 1 1 1 1 1 
BrutForce Method: Imbalance = 0 --------- S = 1 



-1 -1 -1 1 1 -1 
-1 -1 1 1 1 1 
1 1 -1 1 -1 1 
-1 -1 1 1 -1 1 
1 -1 -1 1 -1 1 
BrutForce Method: Imbalance = 0 --------- S = 1 



1 1 1 1 -1 1 
-1 1 1 1 1 -1 
-1 1 1 1 1 -1 
1 -1 -1 -1 -1 -1 
1 1 -1 -1 1 1 
BrutForce Method: Imbalance = 0 --------- S = 1 



1 1 -1 1 -1 -1 
1 -1 -1 -1 1 1 
1 1 -1 -1 -1 1 
-1 -1 -1 -1 1 1 
-1 -1 -1 1 -1 1 
BrutForce Method: Imbalance = 0 --------- S = 1 



1 1 1 1 -1 -1 
1 -1 1 -1 -1 -1 
1 -1 1 1 -1 -1 
1 1 -1 1 1 -1 
-1 -1 1 1 1 1 
BrutForce Method: Imbalance = 0 --------- S = 1 



-1 1 -1 -1 1 1 
1 -1 1 -1 -1 -1 
1 1 1 1 1 -1 
-1 -1 1 1 -1 -1 
-1 -1 -1 1 -1 1 
BrutForce Method: Imbalance = 0 --------- S = 1 



1 1 -1 1 -1 1 
1 -1 1 -1 1 1 
1 1 1 1 -1 -1 
1 1 1 1 1 1 
-1 1 -1 -1 1 1 
BrutForce Method: Imbalance = 0 --------- S = 1 



-1 -1 1 1 1 -1 
1 -1 -1 1 1 -1 
-1 1 -1 -1 1 -1 
1 1 -1 -1 1 -1 
-1 1 -1 1 -1 1 
BrutForce Method: Imbalance = 0 --------- S = 1 



-1 1 -1 1 1 1 
-1 1 -1 -1 -1 1 
1 -1 -1 1 -1 -1 
-1 1 -1 -1 -1 -1 
-1 -1 1 1 1 -1 
BrutForce Method: Imbalance = 0 --------- S = 1 



-1 -1 1 -1 -1 -1 
1 1 -1 -1 -1 -1 
1 -1 -1 1 -1 1 
-1 -1 1 1 -1 1 
-1 -1 -1 -1 1 -1 
BrutForce Method: Imbalance = 0 --------- S = 1 



1 -1 1 -1 -1 -1 
1 -1 1 -1 -1 1 
-1 1 1 -1 -1 -1 
1 -1 1 -1 1 -1 
1 1 -1 -1 -1 -1 
BrutForce Method: Imbalance = 0 --------- S = 1 



-1 1 -1 -1 -1 -1 
1 1 -1 -1 1 1 
1 -1 -1 1 -1 1 
-1 -1 1 -1 -1 1 
1 1 1 1 1 1 
BrutForce Method: Imbalance = 0 --------- S = 1 



-1 -1 -1 1 -1 1 
1 -1 1 1 1 1 
-1 -1 1 -1 -1 -1 
1 1 -1 1 1 -1 
1 1 -1 -1 1 1 
BrutForce Method: Imbalance = 0 --------- S = 1 



-1 1 -1 -1 1 1 
-1 -1 1 -1 -1 1 
-1 -1 1 1 1 1 
-1 1 1 1 -1 -1 
1 1 1 -1 -1 -1 
BrutForce Method: Imbalance = 0 --------- S = 1 



-1 1 1 1 1 -1 
1 1 1 -1 -1 -1 
-1 1 -1 -1 -1 1 
-1 -1 -1 1 -1 -1 
-1 -1 -1 -1 1 -1 
BrutForce Method: Imbalance = 0 --------- S = 1 



1 1 1 -1 -1 -1 
-1 1 -1 1 -1 -1 
1 1 -1 1 -1 1 
-1 -1 -1 1 -1 1 
-1 1 -1 -1 1 -1 
BrutForce Method: Imbalance = 0 --------- S = 1 



