n = 15   m = 4   k = 1000


-1 1 -1 1 1 -1 1 1 1 -1 1 1 -1 1 -1 
1 -1 1 -1 -1 -1 -1 -1 1 -1 -1 -1 1 -1 -1 
-1 -1 1 -1 1 1 1 1 1 -1 1 1 1 -1 1 
-1 1 -1 1 1 1 -1 1 1 1 1 1 1 -1 1 
BrutForce Method: Imbalance = 0 --------- S = 2 3 



1 -1 1 -1 1 1 1 -1 -1 1 1 1 -1 1 1 
1 1 -1 -1 1 -1 -1 1 1 1 1 1 -1 -1 -1 
1 1 -1 1 -1 1 -1 1 -1 1 1 1 1 1 -1 
-1 1 1 1 -1 -1 1 1 1 -1 -1 -1 -1 -1 -1 
BrutForce Method: Imbalance = 0 --------- S = 4 5 



1 -1 -1 -1 -1 -1 -1 1 1 -1 1 -1 1 1 -1 
-1 -1 1 -1 1 -1 1 1 1 -1 1 1 1 1 -1 
-1 1 1 1 1 1 1 -1 -1 1 1 -1 -1 1 -1 
1 -1 -1 1 1 -1 1 1 -1 1 -1 -1 -1 1 -1 
BrutForce Method: Imbalance = 0 --------- S = 1 3 



1 -1 -1 -1 1 -1 1 1 -1 -1 -1 -1 -1 -1 1 
-1 1 1 1 1 -1 1 1 -1 -1 -1 1 -1 -1 -1 
-1 1 -1 1 -1 -1 -1 1 1 1 1 1 -1 1 -1 
1 -1 -1 1 -1 1 1 -1 1 -1 -1 -1 1 -1 1 
BrutForce Method: Imbalance = 0 --------- S = 1 2 



1 -1 1 -1 1 -1 1 -1 1 1 1 1 1 -1 1 
1 -1 1 1 -1 1 1 1 1 1 -1 -1 1 -1 1 
-1 1 -1 -1 1 1 -1 1 -1 -1 1 1 1 -1 1 
-1 -1 -1 -1 -1 1 -1 1 1 -1 1 1 -1 1 -1 
BrutForce Method: Imbalance = 0 --------- S = 2 9 



-1 -1 -1 1 1 -1 1 1 1 -1 -1 -1 1 1 -1 
-1 -1 1 -1 -1 1 1 1 -1 -1 1 1 -1 1 1 
-1 -1 -1 1 -1 -1 -1 1 1 -1 -1 1 -1 -1 1 
-1 1 -1 1 -1 1 1 1 -1 -1 -1 -1 -1 1 1 
BrutForce Method: Imbalance = 0 --------- S = 3 4 



1 -1 -1 1 -1 1 -1 -1 1 1 -1 -1 -1 -1 1 
-1 -1 1 1 -1 -1 -1 1 1 1 -1 1 -1 1 1 
1 -1 -1 -1 1 -1 -1 -1 1 -1 -1 1 -1 1 -1 
1 -1 1 -1 1 -1 -1 1 1 1 -1 1 -1 -1 1 
BrutForce Method: Imbalance = 0 --------- S = 4 5 



-1 1 1 1 -1 1 1 1 -1 1 -1 -1 -1 -1 1 
-1 1 -1 -1 -1 -1 -1 -1 -1 1 -1 -1 1 1 1 
-1 1 1 -1 -1 1 -1 1 1 -1 1 1 -1 1 -1 
1 -1 1 -1 -1 -1 -1 -1 -1 -1 -1 -1 -1 -1 -1 
BrutForce Method: Imbalance = 0 --------- S = 1 2 



-1 1 -1 -1 1 1 -1 -1 -1 1 1 1 -1 1 -1 
-1 1 1 -1 -1 -1 -1 1 1 1 -1 -1 -1 -1 -1 
-1 -1 -1 1 1 -1 1 1 1 -1 1 -1 -1 1 1 
1 1 1 -1 1 -1 1 1 -1 1 1 1 -1 -1 -1 
BrutForce Method: Imbalance = 0 --------- S = 2 4 



1 -1 1 -1 1 1 1 -1 -1 -1 -1 1 1 -1 -1 
-1 -1 -1 -1 1 -1 1 -1 -1 -1 -1 -1 1 1 -1 
-1 1 -1 1 1 -1 1 1 1 -1 -1 1 -1 -1 -1 
-1 -1 -1 1 1 -1 1 1 1 1 -1 1 -1 -1 -1 
BrutForce Method: Imbalance = 0 --------- S = 5 11 



-1 1 1 1 -1 -1 1 1 -1 1 1 1 -1 1 1 
1 -1 -1 1 1 1 -1 1 -1 1 -1 -1 -1 1 -1 
1 1 1 -1 1 -1 -1 1 1 -1 -1 1 1 -1 1 
-1 1 1 1 1 1 -1 1 1 -1 1 -1 -1 1 1 
BrutForce Method: Imbalance = 0 --------- S = 5 7 



1 1 1 1 -1 1 1 -1 1 1 -1 1 -1 -1 1 
1 -1 -1 -1 1 1 -1 -1 1 1 -1 -1 1 1 1 
-1 1 1 -1 -1 -1 -1 -1 -1 1 -1 -1 -1 1 1 
-1 1 1 1 1 1 1 -1 1 1 1 1 -1 1 1 
BrutForce Method: Imbalance = 0 --------- S = 8 10 



1 1 1 -1 -1 1 1 -1 1 1 -1 1 1 -1 -1 
-1 1 1 -1 1 -1 1 -1 1 -1 1 -1 1 1 1 
1 -1 -1 -1 -1 1 -1 -1 -1 -1 -1 -1 1 -1 -1 
1 -1 -1 1 -1 -1 -1 1 1 -1 1 -1 -1 -1 1 
BrutForce Method: Imbalance = 0 --------- S = 1 5 



-1 1 -1 1 -1 -1 1 1 1 -1 -1 -1 1 1 1 
-1 1 1 1 -1 -1 1 1 1 1 -1 -1 -1 1 1 
-1 1 1 1 1 1 1 -1 -1 1 1 1 -1 -1 -1 
-1 -1 1 1 1 -1 -1 1 -1 1 1 -1 -1 1 1 
BrutForce Method: Imbalance = 0 --------- S = 1 4 



-1 1 -1 -1 -1 1 1 -1 1 1 -1 1 -1 -1 1 
-1 -1 -1 1 -1 1 -1 -1 1 1 1 1 1 -1 1 
-1 -1 1 -1 1 -1 -1 -1 -1 1 1 -1 -1 1 1 
-1 1 1 -1 1 1 -1 -1 1 1 1 1 -1 -1 1 
BrutForce Method: Imbalance = 0 --------- S = 1 10 



-1 -1 -1 -1 1 1 1 1 1 1 1 -1 -1 -1 -1 
1 1 -1 -1 1 -1 -1 -1 -1 1 1 -1 -1 -1 -1 
1 -1 -1 -1 -1 -1 1 1 1 -1 -1 1 -1 -1 -1 
-1 1 1 1 1 1 1 1 -1 -1 -1 -1 -1 -1 1 
BrutForce Method: Imbalance = 0 --------- S = 1 6 



1 1 1 1 -1 1 1 1 -1 -1 -1 1 1 1 -1 
1 -1 1 -1 -1 1 -1 -1 -1 -1 1 -1 -1 -1 1 
-1 1 -1 1 -1 1 -1 -1 -1 -1 1 -1 -1 -1 1 
-1 -1 -1 1 -1 1 -1 1 1 1 -1 1 1 1 -1 
BrutForce Method: Imbalance = 0 --------- S = 5 6 



1 1 -1 1 1 1 -1 -1 -1 1 1 -1 -1 -1 -1 
1 -1 -1 -1 1 1 -1 -1 1 -1 -1 -1 -1 1 1 
-1 1 -1 1 -1 1 -1 -1 -1 1 -1 -1 1 -1 -1 
-1 -1 -1 1 1 -1 1 1 -1 -1 -1 -1 -1 -1 1 
BrutForce Method: Imbalance = 0 --------- S = 6 7 



-1 -1 1 -1 -1 -1 -1 -1 -1 1 -1 1 1 1 -1 
1 -1 -1 1 1 -1 -1 -1 -1 -1 1 1 1 1 -1 
-1 1 -1 1 -1 1 -1 1 1 1 1 1 -1 -1 1 
-1 -1 -1 1 -1 -1 1 -1 1 -1 1 -1 -1 1 -1 
BrutForce Method: Imbalance = 0 --------- S = 3 4 



1 1 -1 1 -1 1 -1 1 1 1 -1 -1 1 1 1 
1 1 1 -1 -1 1 1 1 1 1 1 1 1 1 -1 
-1 1 1 1 -1 1 1 1 -1 -1 1 -1 1 -1 -1 
1 1 1 -1 -1 -1 1 1 1 -1 1 -1 1 -1 -1 
BrutForce Method: Imbalance = 0 --------- S = 2 5 



1 1 -1 -1 1 -1 1 -1 1 1 1 1 1 -1 1 
-1 1 1 1 1 1 1 -1 1 -1 -1 1 -1 -1 -1 
-1 -1 -1 1 1 -1 -1 -1 -1 -1 1 1 -1 1 1 
-1 1 1 -1 -1 1 -1 -1 1 1 1 1 -1 -1 -1 
BrutForce Method: Imbalance = 0 --------- S = 4 10 



-1 1 -1 1 1 -1 1 -1 -1 -1 1 1 1 1 1 
1 1 -1 -1 1 -1 -1 1 -1 1 1 1 1 1 -1 
1 1 -1 1 -1 -1 -1 1 1 1 -1 1 1 -1 1 
-1 1 -1 -1 1 1 -1 -1 1 -1 -1 1 1 1 -1 
BrutForce Method: Imbalance = 0 --------- S = 2 3 



1 -1 1 -1 -1 -1 1 -1 -1 -1 1 -1 -1 -1 -1 
-1 1 1 1 -1 1 1 -1 -1 1 1 -1 -1 -1 -1 
-1 1 -1 1 1 -1 1 -1 -1 -1 -1 1 -1 1 1 
1 -1 -1 1 -1 -1 -1 1 -1 1 1 -1 1 1 -1 
BrutForce Method: Imbalance = 0 --------- S = 1 2 



1 -1 -1 -1 1 1 1 1 -1 1 -1 -1 1 1 -1 
-1 -1 1 1 -1 -1 1 -1 1 -1 -1 -1 -1 -1 -1 
-1 -1 1 1 -1 1 -1 -1 -1 1 1 1 1 1 -1 
1 -1 -1 -1 1 1 1 1 1 -1 -1 1 1 -1 -1 
BrutForce Method: Imbalance = 0 --------- S = 1 3 



1 -1 1 -1 1 -1 1 1 -1 -1 1 -1 -1 1 1 
1 1 -1 -1 1 1 -1 1 1 -1 -1 -1 1 -1 -1 
-1 -1 1 1 1 1 1 -1 -1 -1 1 1 1 1 1 
-1 -1 -1 1 1 1 1 1 1 1 1 1 -1 -1 -1 
BrutForce Method: Imbalance = 0 --------- S = 1 4 



1 -1 1 1 -1 -1 -1 1 1 -1 1 1 -1 1 1 
1 -1 -1 1 1 -1 1 1 1 1 -1 1 -1 1 1 
-1 -1 1 1 -1 -1 -1 1 1 1 1 1 1 -1 -1 
-1 -1 1 1 1 -1 -1 -1 1 1 1 1 -1 -1 -1 
BrutForce Method: Imbalance = 0 --------- S = 2 4 



1 -1 -1 -1 -1 1 -1 1 1 1 1 1 -1 1 1 
1 1 1 1 1 1 1 1 1 -1 -1 1 1 1 -1 
1 1 1 -1 -1 1 1 1 -1 1 1 -1 -1 1 -1 
-1 -1 1 -1 -1 -1 -1 1 -1 1 -1 1 -1 -1 -1 
BrutForce Method: Imbalance = 0 --------- S = 4 10 



-1 -1 -1 1 1 1 -1 -1 -1 -1 -1 1 1 1 -1 
1 1 -1 -1 -1 1 1 1 -1 -1 -1 1 -1 1 1 
1 1 1 -1 -1 -1 1 1 -1 1 1 -1 -1 1 1 
-1 1 1 -1 -1 -1 1 -1 -1 1 1 1 -1 1 1 
BrutForce Method: Imbalance = 0 --------- S = 2 4 



-1 1 1 1 -1 1 -1 -1 -1 -1 -1 -1 1 -1 -1 
1 1 -1 -1 1 1 1 1 1 -1 1 1 -1 1 -1 
1 -1 -1 -1 1 -1 -1 -1 1 -1 1 1 -1 1 -1 
-1 -1 1 -1 1 -1 -1 1 -1 1 1 1 -1 1 1 
BrutForce Method: Imbalance = 0 --------- S = 1 3 



-1 -1 -1 -1 1 -1 1 -1 -1 -1 -1 -1 -1 -1 1 
1 -1 1 -1 -1 -1 -1 -1 -1 -1 -1 -1 1 1 1 
1 -1 -1 -1 -1 1 -1 1 -1 -1 1 -1 1 1 -1 
-1 1 1 -1 -1 1 1 -1 1 -1 -1 -1 -1 1 1 
BrutForce Method: Imbalance = 0 --------- S = 1 7 



1 -1 1 -1 -1 1 -1 -1 -1 -1 1 -1 1 1 1 
1 -1 -1 1 1 1 1 -1 1 -1 1 -1 -1 -1 -1 
1 1 -1 -1 1 -1 1 -1 -1 1 1 1 1 1 -1 
-1 1 1 1 -1 -1 -1 -1 -1 -1 -1 -1 -1 -1 -1 
BrutForce Method: Imbalance = 0 --------- S = 3 5 



1 -1 -1 1 1 1 1 -1 -1 -1 1 1 1 -1 1 
1 -1 -1 -1 1 -1 -1 1 -1 -1 1 1 -1 1 -1 
-1 1 -1 1 1 -1 1 1 1 -1 1 1 1 -1 1 
-1 -1 1 1 -1 -1 -1 -1 1 1 -1 1 1 1 -1 
BrutForce Method: Imbalance = 0 --------- S = 3 5 



1 1 -1 -1 -1 1 1 1 -1 -1 -1 -1 1 -1 -1 
-1 1 1 -1 1 1 1 -1 1 1 -1 1 1 1 1 
-1 1 -1 1 -1 1 -1 1 1 -1 -1 1 -1 -1 1 
1 -1 -1 1 -1 -1 -1 -1 -1 -1 1 -1 -1 1 1 
BrutForce Method: Imbalance = 0 --------- S = 1 2 3 4 



-1 1 -1 1 -1 1 -1 -1 -1 -1 1 1 -1 -1 1 
1 1 1 1 -1 -1 1 1 1 1 -1 1 -1 -1 -1 
-1 1 1 -1 -1 1 -1 -1 1 -1 1 -1 1 1 -1 
1 -1 -1 -1 1 -1 -1 1 1 1 1 -1 1 1 -1 
BrutForce Method: Imbalance = 0 --------- S = 2 5 



1 1 1 1 -1 -1 1 1 1 -1 -1 -1 -1 1 -1 
-1 1 1 1 1 1 1 -1 1 1 1 -1 -1 1 1 
1 1 -1 1 1 -1 1 1 -1 1 1 -1 1 1 1 
1 1 1 1 -1 -1 -1 1 -1 1 -1 -1 -1 -1 1 
BrutForce Method: Imbalance = 0 --------- S = 1 6 



-1 1 -1 1 1 1 -1 -1 -1 1 1 1 1 -1 -1 
-1 1 -1 -1 1 1 1 1 1 1 1 -1 -1 1 -1 
1 1 -1 -1 -1 -1 1 1 1 1 1 -1 -1 1 1 
1 1 -1 1 1 1 -1 1 -1 -1 -1 -1 -1 1 -1 
BrutForce Method: Imbalance = 0 --------- S = 2 3 



1 -1 -1 1 1 1 1 1 -1 1 -1 -1 -1 1 1 
1 -1 -1 -1 1 1 1 -1 -1 -1 1 -1 1 1 -1 
1 -1 -1 1 -1 1 -1 -1 1 1 1 -1 1 -1 -1 
1 -1 1 -1 1 -1 -1 1 -1 -1 -1 -1 -1 1 1 
BrutForce Method: Imbalance = 0 --------- S = 1 2 



-1 -1 -1 -1 -1 -1 -1 1 -1 -1 1 -1 1 1 1 
1 1 1 -1 1 1 -1 -1 -1 -1 -1 -1 1 -1 -1 
1 1 1 -1 1 1 1 -1 1 1 -1 -1 1 1 -1 
1 -1 -1 1 1 -1 -1 1 1 -1 -1 -1 1 1 1 
BrutForce Method: Imbalance = 0 --------- S = 2 8 



-1 1 1 -1 -1 1 1 -1 1 1 -1 1 1 1 1 
1 1 1 1 1 -1 -1 -1 1 1 1 1 1 1 -1 
1 -1 -1 1 1 -1 -1 1 1 -1 -1 1 1 1 1 
-1 1 -1 -1 -1 -1 1 1 1 -1 1 -1 1 1 1 
BrutForce Method: Imbalance = 0 --------- S = 1 7 



-1 -1 1 -1 -1 -1 1 1 1 -1 1 1 1 1 -1 
-1 -1 -1 1 1 -1 -1 -1 1 1 1 1 1 -1 -1 
1 1 -1 1 -1 -1 1 1 -1 -1 -1 1 1 1 1 
1 1 1 -1 1 -1 -1 1 1 -1 1 -1 -1 1 1 
BrutForce Method: Imbalance = 0 --------- S = 3 4 



-1 1 -1 1 -1 -1 1 -1 1 1 1 -1 1 -1 -1 
1 1 -1 1 -1 -1 -1 -1 1 1 1 -1 -1 -1 1 
-1 -1 1 1 1 1 -1 -1 -1 1 -1 -1 -1 -1 1 
1 1 -1 1 -1 -1 1 1 -1 1 -1 1 1 -1 1 
BrutForce Method: Imbalance = 0 --------- S = 2 3 



-1 -1 -1 1 -1 -1 1 -1 -1 -1 1 -1 1 -1 1 
1 1 -1 -1 1 -1 -1 -1 1 1 1 -1 1 -1 1 
-1 -1 -1 -1 -1 1 1 1 1 1 1 1 -1 -1 -1 
-1 -1 -1 -1 -1 -1 -1 -1 -1 1 -1 -1 1 1 -1 
BrutForce Method: Imbalance = 0 --------- S = 4 10 



1 -1 -1 1 -1 -1 -1 -1 -1 1 -1 1 -1 1 -1 
1 1 1 1 1 1 -1 -1 1 1 -1 1 1 -1 1 
1 1 -1 -1 -1 1 -1 -1 -1 -1 1 -1 -1 1 1 
1 1 -1 1 -1 -1 -1 -1 1 -1 -1 -1 1 -1 1 
BrutForce Method: Imbalance = 0 --------- S = 1 7 



1 1 -1 -1 1 -1 1 1 -1 -1 1 -1 -1 1 -1 
1 -1 1 1 -1 1 -1 -1 -1 1 -1 1 -1 1 1 
1 1 -1 -1 -1 1 1 -1 -1 1 -1 -1 1 -1 1 
1 1 1 -1 1 -1 -1 -1 1 -1 1 -1 1 1 1 
BrutForce Method: Imbalance = 0 --------- S = 2 4 



1 1 -1 -1 -1 -1 -1 -1 1 1 -1 1 1 1 1 
-1 -1 -1 -1 1 -1 1 1 -1 1 -1 -1 1 1 1 
-1 1 1 1 1 -1 -1 -1 1 -1 1 -1 1 -1 -1 
1 -1 1 -1 1 -1 1 -1 -1 1 -1 -1 -1 1 -1 
BrutForce Method: Imbalance = 0 --------- S = 2 7 



-1 -1 1 1 -1 -1 -1 -1 1 -1 -1 1 -1 1 1 
1 -1 -1 -1 -1 1 1 1 -1 -1 -1 -1 1 1 1 
-1 1 1 -1 1 1 -1 1 1 1 1 1 1 1 1 
-1 -1 -1 1 1 -1 1 1 -1 1 -1 -1 -1 -1 1 
BrutForce Method: Imbalance = 0 --------- S = 4 6 



1 -1 -1 1 1 -1 -1 1 -1 -1 -1 1 1 1 1 
-1 -1 -1 -1 1 1 -1 1 1 -1 1 1 1 1 1 
1 -1 1 1 -1 1 1 1 -1 -1 -1 1 -1 -1 -1 
-1 1 -1 -1 -1 1 -1 -1 -1 1 -1 1 1 1 -1 
BrutForce Method: Imbalance = 0 --------- S = 1 2 5 6 



1 1 1 -1 1 1 -1 -1 1 -1 1 1 -1 -1 1 
1 1 -1 1 -1 -1 1 1 -1 1 1 -1 1 1 1 
-1 1 1 -1 1 1 1 -1 -1 -1 1 -1 1 1 -1 
1 1 -1 -1 -1 -1 -1 1 -1 1 1 -1 -1 1 -1 
BrutForce Method: Imbalance = 0 --------- S = 3 8 



-1 1 -1 1 -1 -1 1 -1 -1 -1 -1 -1 -1 1 -1 
-1 -1 1 1 1 -1 1 -1 -1 -1 -1 1 1 1 -1 
-1 1 1 -1 1 1 1 -1 -1 -1 -1 1 -1 1 1 
-1 1 1 -1 -1 -1 -1 1 1 1 -1 1 -1 1 -1 
BrutForce Method: Imbalance = 0 --------- S = 1 2 3 4 



-1 1 -1 1 1 1 1 -1 1 -1 -1 -1 1 1 -1 
-1 1 1 -1 -1 1 -1 1 1 -1 1 -1 1 1 1 
1 1 1 -1 -1 -1 1 1 1 -1 1 1 1 1 1 
-1 1 -1 -1 1 1 -1 1 -1 1 1 1 -1 1 1 
BrutForce Method: Imbalance = 0 --------- S = 3 5 



1 -1 -1 -1 1 -1 1 1 1 1 -1 -1 -1 1 -1 
-1 1 1 -1 -1 -1 1 -1 1 -1 -1 -1 1 -1 -1 
-1 1 1 1 -1 -1 -1 1 1 -1 -1 1 1 -1 1 
1 1 -1 -1 -1 -1 1 1 -1 -1 -1 -1 -1 1 -1 
BrutForce Method: Imbalance = 0 --------- S = 1 3 



-1 -1 1 -1 1 1 1 1 1 -1 -1 -1 1 1 -1 
-1 1 -1 1 -1 -1 1 -1 1 -1 -1 -1 1 1 -1 
1 -1 1 -1 1 -1 -1 1 -1 1 1 1 1 1 1 
-1 -1 1 -1 -1 -1 1 -1 1 -1 -1 1 -1 1 -1 
BrutForce Method: Imbalance = 0 --------- S = 2 3 



1 1 1 1 -1 1 -1 1 -1 1 1 1 1 1 1 
1 -1 -1 1 1 1 1 1 1 -1 1 -1 1 1 1 
1 1 -1 1 -1 -1 -1 1 -1 -1 -1 1 1 -1 1 
1 -1 -1 -1 -1 -1 1 -1 -1 1 -1 1 1 1 -1 
BrutForce Method: Imbalance = 0 --------- S = 2 7 



-1 -1 1 1 1 -1 1 1 -1 1 1 -1 -1 -1 1 
1 1 1 -1 -1 1 -1 -1 1 -1 1 -1 1 1 -1 
-1 -1 -1 1 1 1 -1 -1 -1 1 1 1 1 -1 1 
1 -1 1 1 1 -1 -1 -1 -1 1 1 1 -1 -1 1 
BrutForce Method: Imbalance = 0 --------- S = 2 4 



1 -1 1 -1 1 -1 -1 1 -1 1 -1 -1 1 -1 -1 
1 -1 1 1 -1 1 -1 -1 1 1 1 1 1 -1 1 
1 1 -1 -1 -1 -1 1 1 1 1 1 -1 -1 1 -1 
1 1 -1 1 1 1 -1 1 -1 -1 -1 -1 -1 -1 1 
BrutForce Method: Imbalance = 0 --------- S = 2 3 



-1 1 1 -1 -1 -1 -1 -1 1 -1 -1 -1 1 -1 -1 
1 1 1 1 -1 -1 1 1 -1 1 -1 1 1 1 -1 
-1 1 1 -1 1 -1 -1 -1 1 -1 1 -1 -1 -1 1 
-1 1 -1 1 1 -1 -1 1 -1 -1 -1 1 1 1 1 
BrutForce Method: Imbalance = 0 --------- S = 2 6 



-1 -1 -1 1 1 -1 -1 -1 -1 -1 1 1 -1 -1 1 
1 1 -1 -1 -1 1 -1 -1 -1 -1 -1 -1 1 1 -1 
1 1 1 -1 1 -1 1 -1 1 -1 1 -1 1 -1 -1 
1 1 -1 -1 -1 1 1 -1 1 -1 1 1 -1 1 -1 
BrutForce Method: Imbalance = 0 --------- S = 1 4 



1 1 1 1 1 -1 1 -1 1 -1 -1 -1 1 1 -1 
1 1 -1 1 1 -1 1 -1 1 1 -1 -1 -1 1 1 
1 1 1 -1 -1 -1 1 -1 -1 1 1 -1 1 -1 1 
-1 1 -1 -1 -1 1 -1 -1 1 1 -1 -1 1 1 1 
BrutForce Method: Imbalance = 0 --------- S = 1 6 



1 -1 -1 -1 1 -1 -1 -1 1 -1 1 1 1 -1 -1 
-1 1 -1 -1 1 -1 1 1 1 1 -1 -1 -1 -1 -1 
1 -1 1 1 -1 1 -1 -1 -1 -1 1 -1 -1 1 1 
-1 1 -1 -1 -1 -1 1 -1 1 -1 1 -1 1 -1 1 
BrutForce Method: Imbalance = 0 --------- S = 1 2 



1 -1 1 1 -1 1 -1 1 1 -1 -1 1 1 -1 1 
-1 -1 1 -1 1 1 -1 -1 -1 1 1 -1 -1 -1 1 
-1 1 -1 -1 -1 1 1 -1 -1 -1 -1 1 1 1 -1 
1 1 1 1 -1 -1 1 -1 1 -1 1 1 1 1 1 
BrutForce Method: Imbalance = 0 --------- S = 1 2 5 6 



-1 1 -1 -1 1 1 1 -1 -1 1 -1 -1 -1 1 -1 
-1 1 1 1 1 -1 1 1 1 -1 -1 -1 -1 1 1 
-1 -1 1 1 1 -1 -1 1 -1 -1 -1 -1 1 -1 -1 
-1 1 -1 -1 1 -1 -1 1 -1 -1 1 -1 1 1 -1 
BrutForce Method: Imbalance = 0 --------- S = 1 5 



1 -1 -1 -1 1 1 -1 1 -1 1 -1 -1 -1 -1 1 
-1 1 -1 -1 1 1 -1 -1 -1 -1 1 -1 -1 1 1 
-1 -1 -1 -1 -1 1 1 -1 -1 -1 1 -1 1 -1 -1 
1 1 1 1 1 -1 -1 -1 -1 1 -1 -1 1 -1 1 
BrutForce Method: Imbalance = 0 --------- S = 3 6 



-1 -1 1 -1 1 1 1 1 1 -1 -1 1 -1 1 -1 
-1 -1 1 1 -1 -1 -1 1 -1 -1 -1 -1 -1 -1 1 
-1 1 1 -1 1 1 -1 1 -1 1 -1 -1 -1 -1 1 
-1 1 -1 1 1 1 -1 1 -1 1 1 -1 -1 -1 -1 
BrutForce Method: Imbalance = 0 --------- S = 1 3 4 5 



1 1 1 -1 1 -1 -1 -1 1 1 1 -1 -1 1 -1 
1 -1 -1 1 -1 1 -1 -1 -1 -1 -1 -1 1 1 1 
-1 1 1 1 1 1 1 1 -1 1 -1 1 -1 1 1 
1 1 1 -1 1 -1 -1 -1 1 1 -1 -1 -1 1 -1 
BrutForce Method: Imbalance = 0 --------- S = 1 7 



1 1 -1 1 -1 -1 -1 1 1 1 -1 -1 -1 1 1 
-1 1 -1 1 -1 1 1 1 -1 1 -1 -1 1 -1 1 
1 -1 1 1 1 1 1 1 -1 1 1 -1 1 -1 1 
-1 1 1 1 -1 -1 1 -1 1 -1 -1 1 -1 -1 -1 
BrutForce Method: Imbalance = 0 --------- S = 2 5 



-1 1 -1 1 -1 1 -1 -1 1 1 1 -1 1 1 1 
-1 1 1 -1 1 1 1 1 -1 1 -1 -1 -1 -1 1 
1 1 1 -1 -1 1 -1 -1 -1 -1 -1 -1 -1 -1 -1 
1 1 -1 1 1 1 1 1 -1 -1 1 1 -1 -1 -1 
BrutForce Method: Imbalance = 0 --------- S = 3 4 



-1 -1 -1 -1 -1 -1 -1 -1 -1 1 -1 -1 1 1 -1 
-1 -1 -1 -1 -1 -1 1 -1 -1 -1 -1 -1 1 -1 1 
-1 1 1 -1 -1 -1 1 -1 1 -1 1 -1 -1 1 -1 
-1 1 -1 1 -1 -1 -1 -1 -1 1 -1 1 1 1 -1 
BrutForce Method: Imbalance = 0 --------- S = 7 10 



1 1 1 -1 -1 1 1 1 1 -1 1 -1 -1 1 -1 
1 -1 1 -1 1 1 -1 -1 -1 -1 1 1 -1 1 1 
1 -1 1 -1 1 1 1 1 -1 1 1 -1 1 -1 1 
1 -1 1 -1 1 -1 1 -1 1 -1 1 1 1 -1 -1 
BrutForce Method: Imbalance = 0 --------- S = 1 4 



1 1 -1 1 -1 1 -1 1 -1 1 1 -1 1 -1 1 
-1 1 -1 -1 1 1 -1 1 1 1 1 -1 1 -1 -1 
1 1 1 1 1 1 -1 1 1 1 1 1 -1 -1 -1 
1 1 1 -1 -1 1 -1 1 -1 -1 -1 -1 -1 -1 1 
BrutForce Method: Imbalance = 0 --------- S = 2 7 



1 1 1 1 1 1 1 1 1 1 -1 1 1 -1 -1 
1 1 -1 1 -1 1 1 1 -1 -1 1 1 -1 -1 1 
1 1 1 1 -1 1 -1 1 -1 1 -1 1 1 -1 1 
-1 -1 1 -1 -1 -1 1 -1 1 1 -1 -1 1 1 1 
BrutForce Method: Imbalance = 0 --------- S = 3 11 



1 -1 1 -1 -1 1 -1 1 -1 1 -1 1 1 1 -1 
-1 1 -1 1 1 -1 1 -1 -1 -1 1 1 1 -1 -1 
1 -1 -1 -1 1 -1 -1 1 -1 -1 -1 -1 -1 1 -1 
-1 1 1 1 -1 -1 1 -1 -1 -1 -1 -1 1 1 1 
BrutForce Method: Imbalance = 0 --------- S = 1 2 



1 1 1 -1 -1 1 -1 -1 1 1 -1 1 1 -1 -1 
-1 -1 1 1 1 1 1 1 1 -1 1 -1 1 1 1 
-1 1 1 -1 -1 -1 -1 1 1 -1 -1 1 1 1 -1 
1 -1 1 1 -1 -1 1 1 -1 -1 1 -1 -1 1 1 
BrutForce Method: Imbalance = 0 --------- S = 2 4 



-1 -1 -1 1 1 1 1 1 1 -1 1 1 -1 1 1 
-1 -1 1 1 -1 -1 -1 1 1 -1 1 -1 1 -1 -1 
1 1 1 1 1 1 -1 1 1 -1 1 -1 1 1 1 
-1 -1 1 -1 1 -1 1 1 -1 -1 1 1 1 1 1 
BrutForce Method: Imbalance = 0 --------- S = 3 4 7 10 



1 1 -1 1 1 -1 -1 1 -1 -1 1 1 1 1 -1 
-1 -1 -1 1 -1 -1 -1 -1 -1 1 -1 1 1 -1 1 
-1 1 1 -1 1 -1 1 1 -1 -1 1 -1 1 -1 -1 
1 -1 -1 -1 1 -1 -1 1 1 -1 1 1 -1 1 1 
BrutForce Method: Imbalance = 0 --------- S = 5 10 



-1 1 1 -1 1 -1 1 1 1 -1 -1 -1 1 -1 1 
1 -1 1 -1 -1 1 -1 -1 -1 1 -1 -1 -1 -1 -1 
-1 -1 1 -1 -1 1 1 1 1 1 1 1 1 -1 1 
1 -1 1 -1 1 -1 1 1 1 1 -1 -1 -1 -1 -1 
BrutForce Method: Imbalance = 0 --------- S = 3 4 



-1 1 -1 -1 1 -1 -1 1 1 -1 1 -1 1 1 -1 
-1 1 -1 -1 1 -1 -1 1 -1 -1 1 -1 -1 1 1 
-1 -1 1 -1 1 -1 1 -1 1 -1 -1 1 1 -1 -1 
-1 -1 -1 -1 1 1 -1 1 1 -1 -1 1 1 -1 1 
BrutForce Method: Imbalance = 0 --------- S = 1 5 



1 -1 -1 1 1 1 -1 1 1 -1 1 1 -1 1 -1 
1 -1 1 -1 -1 1 1 -1 1 1 -1 -1 -1 1 -1 
-1 -1 1 -1 -1 1 1 1 1 -1 1 1 -1 1 1 
-1 -1 1 1 1 1 -1 1 1 -1 -1 -1 1 -1 1 
BrutForce Method: Imbalance = 0 --------- S = 2 6 



1 1 1 1 -1 1 -1 1 -1 1 1 1 1 1 -1 
1 -1 1 -1 1 1 -1 1 -1 -1 1 -1 1 -1 -1 
1 1 1 -1 1 -1 1 1 -1 1 -1 1 -1 1 1 
-1 -1 1 1 -1 -1 -1 1 -1 -1 -1 1 -1 1 1 
BrutForce Method: Imbalance = 0 --------- S = 4 5 



-1 -1 -1 1 -1 -1 1 1 -1 -1 1 -1 1 -1 -1 
-1 1 -1 -1 -1 1 1 1 -1 1 1 -1 1 1 -1 
-1 -1 -1 -1 -1 -1 -1 1 1 1 1 1 -1 1 -1 
1 -1 1 1 -1 -1 1 1 -1 1 1 -1 1 -1 -1 
BrutForce Method: Imbalance = 0 --------- S = 5 8 



1 -1 1 1 -1 1 1 -1 1 1 1 1 1 1 1 
-1 -1 -1 -1 -1 1 1 -1 1 1 1 -1 1 1 1 
1 1 1 1 -1 1 1 1 1 1 -1 1 1 1 -1 
-1 -1 1 1 -1 -1 1 -1 1 -1 1 -1 1 1 1 
BrutForce Method: Imbalance = 0 --------- S = 5 7 



1 1 -1 -1 1 1 -1 -1 1 1 1 -1 1 1 -1 
-1 -1 1 1 -1 1 1 -1 1 -1 -1 -1 1 1 1 
-1 -1 -1 -1 -1 -1 1 1 -1 1 -1 1 -1 -1 1 
-1 1 1 -1 -1 -1 1 1 -1 1 1 1 -1 1 -1 
BrutForce Method: Imbalance = 0 --------- S = 1 7 



1 -1 1 -1 1 1 1 1 1 1 -1 -1 1 1 1 
-1 1 1 1 1 1 -1 -1 1 -1 1 -1 -1 -1 -1 
1 -1 1 1 1 1 1 -1 1 1 1 -1 -1 -1 1 
-1 1 -1 1 1 -1 1 -1 -1 -1 1 -1 -1 1 -1 
BrutForce Method: Imbalance = 0 --------- S = 1 2 



1 -1 -1 -1 -1 1 1 1 1 1 -1 1 -1 -1 1 
-1 -1 -1 1 1 -1 -1 1 1 -1 -1 -1 -1 -1 -1 
1 1 1 1 1 1 -1 -1 -1 -1 -1 1 -1 -1 -1 
-1 1 1 1 -1 -1 -1 -1 1 1 -1 1 -1 -1 -1 
BrutForce Method: Imbalance = 0 --------- S = 4 7 



-1 1 1 -1 -1 1 1 1 -1 -1 1 1 -1 -1 1 
1 -1 1 1 -1 -1 -1 1 -1 -1 -1 1 -1 -1 1 
1 -1 -1 -1 -1 -1 -1 1 -1 -1 1 -1 1 -1 1 
1 1 -1 -1 -1 -1 -1 1 -1 1 -1 1 1 -1 1 
BrutForce Method: Imbalance = 0 --------- S = 1 6 



1 -1 1 -1 -1 1 1 1 1 -1 -1 1 1 -1 -1 
1 1 1 1 1 1 -1 1 1 1 1 1 -1 -1 -1 
-1 -1 -1 -1 1 -1 1 -1 1 1 1 -1 1 -1 -1 
1 -1 -1 1 -1 1 -1 -1 1 1 -1 1 1 1 1 
BrutForce Method: Imbalance = 0 --------- S = 4 7 



-1 1 1 -1 -1 -1 -1 1 -1 1 1 -1 -1 -1 -1 
1 1 1 1 1 1 -1 1 -1 1 -1 1 -1 1 -1 
1 -1 1 -1 1 1 -1 1 -1 1 -1 1 1 1 -1 
1 1 -1 1 1 1 -1 -1 1 -1 -1 -1 1 -1 -1 
BrutForce Method: Imbalance = 0 --------- S = 3 9 



1 -1 1 -1 -1 1 1 1 -1 -1 1 -1 -1 -1 1 
-1 -1 -1 1 -1 -1 1 -1 -1 1 -1 1 1 -1 1 
1 1 -1 -1 -1 -1 -1 -1 1 -1 1 1 1 -1 -1 
1 -1 1 1 -1 -1 1 -1 -1 1 -1 -1 1 -1 -1 
BrutForce Method: Imbalance = 0 --------- S = 2 7 



-1 -1 1 1 -1 -1 1 -1 -1 1 1 1 -1 1 1 
1 1 -1 -1 1 1 -1 1 -1 -1 -1 -1 -1 1 1 
1 -1 -1 1 1 1 -1 1 1 1 1 1 -1 -1 1 
1 1 1 -1 -1 -1 -1 1 1 1 1 1 1 -1 1 
BrutForce Method: Imbalance = 0 --------- S = 2 4 



-1 -1 -1 1 -1 1 1 -1 1 1 -1 1 1 -1 1 
-1 1 1 -1 1 1 1 1 -1 1 -1 1 -1 -1 1 
-1 1 -1 -1 -1 -1 -1 -1 -1 -1 1 -1 1 1 1 
-1 -1 -1 1 -1 1 1 -1 -1 1 -1 -1 -1 -1 -1 
BrutForce Method: Imbalance = 0 --------- S = 2 4 



1 -1 1 1 1 1 -1 -1 -1 1 -1 -1 1 -1 1 
-1 1 -1 1 -1 -1 -1 -1 1 1 -1 1 1 -1 1 
-1 -1 1 1 1 1 -1 1 1 -1 -1 1 1 -1 -1 
1 1 1 1 -1 -1 -1 1 -1 1 1 1 1 -1 1 
BrutForce Method: Imbalance = 0 --------- S = 2 5 



1 -1 -1 -1 -1 1 -1 -1 1 1 -1 -1 1 1 -1 
-1 1 1 1 -1 1 -1 -1 -1 -1 -1 1 1 -1 -1 
-1 -1 -1 1 -1 1 -1 -1 1 -1 -1 -1 -1 1 -1 
-1 -1 1 -1 1 1 -1 -1 -1 -1 -1 -1 1 -1 -1 
BrutForce Method: Imbalance = 0 --------- S = 1 4 5 6 



1 -1 -1 -1 -1 -1 1 -1 -1 1 1 1 -1 -1 1 
-1 1 -1 -1 -1 -1 1 -1 -1 1 -1 1 1 -1 1 
-1 1 1 1 -1 1 1 1 1 -1 1 1 1 -1 1 
-1 -1 1 1 -1 -1 -1 -1 -1 -1 1 1 -1 1 -1 
BrutForce Method: Imbalance = 0 --------- S = 3 10 



1 1 1 1 -1 -1 -1 1 -1 -1 -1 1 -1 -1 1 
-1 1 1 1 1 1 -1 -1 -1 -1 1 -1 -1 1 1 
1 1 -1 -1 -1 1 1 1 -1 1 1 -1 1 -1 -1 
1 1 -1 1 1 1 1 -1 1 -1 -1 -1 -1 -1 1 
BrutForce Method: Imbalance = 0 --------- S = 3 7 



1 -1 -1 -1 1 -1 1 1 -1 1 1 -1 -1 1 -1 
-1 1 1 1 -1 -1 -1 -1 -1 -1 1 1 1 -1 1 
-1 -1 -1 1 1 -1 1 1 -1 -1 1 -1 -1 -1 1 
1 -1 -1 1 -1 1 1 1 -1 -1 1 -1 -1 -1 1 
BrutForce Method: Imbalance = 0 --------- S = 1 2 4 5 



-1 -1 1 1 -1 1 1 -1 1 1 -1 -1 -1 1 -1 
-1 -1 -1 1 1 -1 -1 1 1 1 1 1 -1 1 1 
1 -1 -1 1 -1 -1 -1 -1 -1 1 1 -1 -1 1 -1 
-1 -1 -1 -1 1 1 -1 -1 -1 1 1 1 1 -1 1 
BrutForce Method: Imbalance = 0 --------- S = 1 4 5 6 



-1 -1 1 -1 1 1 1 1 -1 -1 -1 -1 -1 -1 1 
-1 -1 -1 1 -1 -1 -1 1 1 -1 -1 1 -1 -1 -1 
-1 1 -1 1 -1 -1 1 1 1 1 1 1 1 1 1 
-1 -1 -1 -1 -1 1 -1 1 1 -1 -1 -1 -1 -1 -1 
BrutForce Method: Imbalance = 0 --------- S = 4 6 



-1 1 1 1 -1 -1 -1 -1 1 1 1 -1 -1 -1 -1 
1 1 -1 -1 -1 1 1 1 -1 -1 -1 -1 -1 -1 1 
1 1 1 1 1 -1 1 -1 1 -1 -1 -1 1 -1 1 
-1 -1 1 -1 -1 -1 1 1 1 -1 1 1 1 -1 1 
BrutForce Method: Imbalance = 0 --------- S = 3 6 



1 -1 -1 -1 1 1 -1 -1 -1 1 -1 1 -1 1 1 
-1 1 -1 1 1 -1 -1 1 -1 1 -1 1 1 1 1 
1 -1 -1 1 1 1 1 1 1 1 -1 -1 1 1 1 
-1 -1 1 -1 1 1 -1 1 -1 -1 1 1 -1 1 1 
BrutForce Method: Imbalance = 0 --------- S = 1 2 3 5 



1 -1 1 1 -1 1 1 1 1 -1 -1 1 -1 1 -1 
-1 -1 -1 1 1 -1 -1 -1 -1 -1 1 1 1 1 -1 
-1 -1 -1 -1 -1 -1 1 -1 1 -1 -1 1 1 1 -1 
-1 1 -1 -1 -1 -1 -1 -1 1 -1 -1 -1 -1 -1 1 
BrutForce Method: Imbalance = 0 --------- S = 5 9 



1 1 -1 -1 1 -1 1 -1 1 -1 1 1 -1 1 -1 
1 1 1 1 -1 -1 -1 1 -1 1 -1 -1 1 1 1 
1 1 1 1 1 -1 -1 1 1 1 1 1 -1 1 1 
1 1 -1 -1 -1 -1 -1 1 1 1 1 -1 -1 1 1 
BrutForce Method: Imbalance = 0 --------- S = 1 6 



-1 -1 -1 -1 1 -1 1 1 -1 -1 -1 1 1 -1 -1 
1 -1 -1 1 1 -1 -1 -1 1 -1 1 1 -1 -1 1 
-1 -1 -1 -1 1 1 1 -1 -1 -1 -1 1 -1 1 -1 
-1 1 -1 -1 1 1 1 -1 1 -1 1 -1 1 -1 1 
BrutForce Method: Imbalance = 0 --------- S = 3 5 



-1 1 1 -1 1 1 -1 -1 -1 -1 -1 -1 -1 -1 -1 
1 1 -1 1 -1 -1 -1 -1 1 -1 -1 1 1 -1 -1 
-1 1 1 1 1 1 -1 -1 -1 1 -1 -1 1 -1 -1 
-1 1 -1 -1 1 1 -1 1 1 1 -1 1 -1 1 1 
BrutForce Method: Imbalance = 0 --------- S = 1 5 



-1 1 -1 1 1 -1 -1 1 1 -1 -1 -1 -1 1 -1 
-1 1 1 -1 -1 1 1 1 -1 -1 1 -1 -1 1 -1 
1 -1 1 -1 -1 -1 1 1 -1 1 1 -1 -1 -1 -1 
1 1 -1 -1 1 -1 -1 -1 -1 -1 -1 -1 1 -1 -1 
BrutForce Method: Imbalance = 0 --------- S = 1 2 3 4 



-1 -1 -1 -1 -1 -1 1 -1 -1 -1 -1 -1 -1 -1 1 
1 1 -1 1 -1 1 1 -1 -1 -1 -1 -1 1 -1 1 
-1 -1 -1 -1 1 1 1 1 1 1 1 -1 -1 -1 -1 
1 -1 1 1 -1 1 -1 1 1 1 1 1 1 -1 -1 
BrutForce Method: Imbalance = 0 --------- S = 3 7 



1 -1 1 -1 1 -1 1 1 1 1 -1 -1 1 -1 1 
-1 -1 -1 1 -1 -1 1 1 1 -1 1 1 -1 1 -1 
1 1 -1 -1 1 1 -1 1 1 -1 1 -1 -1 1 1 
1 1 1 1 -1 1 -1 -1 1 -1 -1 1 1 -1 1 
BrutForce Method: Imbalance = 0 --------- S = 4 5 



1 1 1 1 1 1 1 -1 -1 1 -1 -1 -1 -1 1 
1 1 1 1 -1 1 1 1 -1 -1 1 -1 1 -1 1 
1 1 1 -1 1 1 -1 -1 -1 1 -1 1 -1 -1 1 
1 -1 1 -1 1 1 -1 1 1 -1 1 -1 -1 -1 -1 
BrutForce Method: Imbalance = 0 --------- S = 2 9 



1 1 -1 1 1 1 1 -1 1 -1 1 1 -1 1 -1 
-1 -1 1 -1 1 -1 1 -1 1 -1 1 -1 1 -1 1 
-1 -1 -1 -1 1 1 1 1 -1 1 1 -1 -1 1 1 
1 -1 -1 1 -1 1 1 -1 -1 1 1 1 1 -1 1 
BrutForce Method: Imbalance = 0 --------- S = 3 6 



-1 1 -1 1 1 1 -1 -1 -1 -1 -1 -1 -1 -1 -1 
-1 1 -1 -1 1 1 1 -1 -1 -1 -1 -1 -1 -1 -1 
-1 -1 1 -1 1 -1 -1 -1 1 1 -1 1 1 -1 1 
-1 1 1 1 -1 1 1 1 -1 -1 1 -1 -1 -1 1 
BrutForce Method: Imbalance = 0 --------- S = 1 2 3 5 



-1 -1 1 1 -1 1 -1 1 -1 1 1 1 1 1 -1 
-1 1 1 1 -1 1 -1 1 -1 1 1 -1 1 -1 1 
-1 -1 1 -1 -1 -1 1 1 -1 -1 -1 -1 1 -1 1 
1 -1 1 -1 1 1 -1 1 -1 -1 -1 1 1 1 -1 
BrutForce Method: Imbalance = 0 --------- S = 1 3 4 7 



1 1 -1 1 1 -1 1 -1 1 -1 -1 1 -1 -1 -1 
-1 -1 1 -1 -1 -1 -1 -1 -1 1 1 -1 -1 1 1 
-1 1 -1 1 1 1 1 1 1 1 1 -1 -1 1 1 
1 1 -1 -1 -1 1 1 -1 1 1 1 -1 1 -1 -1 
BrutForce Method: Imbalance = 0 --------- S = 2 3 



-1 -1 1 -1 1 -1 1 1 1 1 -1 -1 -1 -1 1 
1 1 -1 -1 -1 -1 -1 -1 1 -1 1 1 -1 1 1 
1 -1 -1 -1 1 -1 -1 -1 -1 1 -1 -1 -1 1 -1 
1 1 1 1 -1 -1 -1 -1 -1 1 -1 -1 1 1 -1 
BrutForce Method: Imbalance = 0 --------- S = 2 5 



1 -1 -1 -1 -1 1 -1 -1 -1 -1 -1 1 -1 -1 1 
-1 -1 -1 -1 -1 1 1 1 1 1 1 1 1 1 1 
1 -1 -1 1 1 1 1 -1 1 -1 1 1 -1 1 1 
-1 -1 1 -1 1 -1 -1 -1 -1 1 1 1 -1 -1 1 
BrutForce Method: Imbalance = 0 --------- S = 3 6 



-1 1 1 1 -1 -1 1 1 1 -1 -1 -1 -1 1 1 
-1 1 1 -1 -1 -1 1 -1 1 1 -1 1 1 -1 1 
1 -1 1 1 -1 1 1 1 -1 -1 -1 -1 1 1 -1 
-1 1 1 -1 1 -1 -1 -1 -1 1 -1 1 -1 1 1 
BrutForce Method: Imbalance = 0 --------- S = 1 2 



-1 1 1 -1 1 -1 1 1 1 -1 1 1 -1 -1 -1 
1 -1 -1 1 1 1 -1 1 -1 1 1 1 -1 1 1 
-1 1 1 -1 -1 1 -1 -1 1 -1 1 -1 -1 -1 -1 
1 1 1 1 1 1 -1 -1 -1 -1 -1 1 -1 1 -1 
BrutForce Method: Imbalance = 0 --------- S = 6 7 



1 1 -1 1 -1 1 1 1 -1 -1 -1 -1 1 -1 1 
-1 1 -1 1 1 -1 1 -1 -1 -1 1 1 1 -1 1 
-1 -1 -1 1 1 -1 -1 1 1 1 -1 1 1 1 1 
1 -1 1 1 1 1 1 -1 1 1 -1 1 1 1 -1 
BrutForce Method: Imbalance = 0 --------- S = 2 3 5 8 



1 1 -1 -1 -1 -1 1 1 1 1 -1 -1 1 -1 -1 
-1 -1 -1 1 -1 -1 1 1 1 1 -1 -1 -1 -1 1 
-1 -1 -1 1 -1 -1 -1 -1 1 1 -1 1 -1 -1 1 
-1 1 1 -1 1 1 1 1 1 1 1 -1 -1 1 1 
BrutForce Method: Imbalance = 0 --------- S = 2 4 



1 1 -1 1 1 1 1 1 -1 -1 1 -1 1 1 -1 
1 -1 -1 -1 1 -1 1 1 -1 -1 -1 -1 1 1 -1 
-1 -1 1 -1 -1 1 -1 -1 1 -1 -1 -1 -1 -1 1 
-1 1 -1 1 -1 -1 1 1 1 -1 -1 1 1 1 -1 
BrutForce Method: Imbalance = 0 --------- S = 3 7 



-1 -1 -1 1 -1 -1 1 -1 -1 -1 -1 -1 1 -1 -1 
1 1 1 1 1 -1 1 1 -1 1 -1 1 1 -1 1 
1 1 -1 -1 -1 -1 1 -1 -1 -1 -1 -1 -1 1 -1 
1 1 1 -1 -1 1 1 1 -1 1 1 1 -1 1 1 
BrutForce Method: Imbalance = 0 --------- S = 7 9 



-1 -1 -1 1 1 1 -1 1 -1 1 -1 1 -1 1 1 
-1 -1 -1 1 1 1 -1 1 1 -1 1 1 -1 1 1 
-1 1 -1 -1 1 -1 1 -1 1 1 1 1 1 1 -1 
-1 1 1 -1 1 -1 1 -1 -1 -1 -1 1 -1 1 1 
BrutForce Method: Imbalance = 0 --------- S = 2 4 



-1 -1 1 -1 -1 1 -1 -1 -1 1 -1 1 -1 1 -1 
-1 1 1 1 -1 -1 1 1 1 -1 1 1 1 1 1 
1 1 -1 -1 1 1 -1 -1 -1 -1 1 -1 1 1 1 
1 -1 -1 -1 1 1 1 -1 1 -1 1 -1 1 1 -1 
BrutForce Method: Imbalance = 0 --------- S = 1 3 



1 -1 -1 -1 -1 -1 1 1 1 1 -1 1 -1 1 1 
-1 -1 1 1 1 -1 -1 -1 1 1 -1 -1 -1 1 -1 
1 1 1 -1 -1 1 1 1 1 1 -1 -1 1 1 -1 
1 -1 -1 -1 1 -1 -1 1 1 1 -1 -1 -1 -1 -1 
BrutForce Method: Imbalance = 0 --------- S = 1 4 



1 1 1 1 1 -1 1 1 -1 -1 -1 1 1 -1 1 
-1 1 1 1 -1 1 1 -1 -1 1 -1 1 -1 1 -1 
1 1 -1 1 1 1 1 1 1 1 1 1 -1 1 1 
-1 -1 -1 1 -1 1 1 -1 1 1 -1 1 -1 -1 -1 
BrutForce Method: Imbalance = 0 --------- S = 3 9 



-1 1 1 1 -1 1 -1 -1 -1 -1 -1 -1 1 -1 -1 
1 -1 1 1 1 -1 1 1 -1 1 -1 -1 -1 -1 1 
1 -1 1 1 -1 1 1 -1 1 1 1 1 1 1 -1 
1 -1 -1 -1 -1 1 -1 -1 -1 1 1 -1 -1 -1 -1 
BrutForce Method: Imbalance = 0 --------- S = 1 2 



1 1 -1 1 1 -1 -1 1 -1 -1 1 1 -1 1 1 
-1 1 -1 -1 1 -1 1 -1 -1 -1 1 -1 -1 -1 -1 
-1 -1 1 1 -1 -1 1 -1 -1 1 -1 1 -1 -1 -1 
1 1 1 1 1 1 1 -1 -1 -1 -1 -1 1 1 1 
BrutForce Method: Imbalance = 0 --------- S = 7 8 



1 -1 1 1 -1 -1 -1 1 1 1 1 -1 -1 1 1 
1 1 1 1 -1 1 1 1 1 -1 -1 1 1 1 -1 
1 -1 1 1 -1 1 1 1 -1 -1 -1 -1 -1 -1 1 
-1 1 -1 -1 -1 1 1 -1 -1 1 -1 -1 -1 -1 -1 
BrutForce Method: Imbalance = 0 --------- S = 1 5 6 10 



-1 1 -1 -1 -1 1 -1 -1 -1 -1 -1 -1 -1 1 -1 
1 -1 -1 1 1 1 -1 1 -1 1 1 -1 -1 -1 1 
1 1 1 -1 1 -1 1 -1 1 -1 -1 1 1 1 1 
1 1 1 -1 -1 -1 1 -1 -1 1 1 -1 1 1 -1 
BrutForce Method: Imbalance = 0 --------- S = 2 4 



1 -1 -1 1 -1 1 1 -1 -1 -1 1 -1 -1 1 -1 
1 1 -1 1 -1 -1 -1 -1 -1 1 -1 1 -1 1 1 
1 -1 1 -1 -1 -1 1 -1 1 1 1 -1 1 -1 1 
1 -1 -1 -1 1 -1 1 1 -1 -1 -1 1 1 -1 1 
BrutForce Method: Imbalance = 0 --------- S = 1 3 4 5 



1 1 -1 -1 -1 -1 -1 -1 -1 1 1 1 -1 -1 1 
-1 1 -1 -1 1 -1 -1 -1 1 -1 1 -1 1 -1 -1 
1 -1 -1 -1 -1 1 1 -1 -1 1 1 1 1 -1 1 
1 -1 1 -1 1 -1 1 -1 -1 1 -1 1 -1 1 1 
BrutForce Method: Imbalance = 0 --------- S = 1 2 5 6 



1 1 1 -1 -1 1 -1 -1 -1 -1 1 -1 1 -1 1 
1 1 -1 1 1 1 -1 1 -1 1 -1 1 1 1 1 
1 -1 1 1 1 1 -1 -1 -1 -1 1 -1 -1 1 1 
-1 -1 -1 1 -1 1 1 -1 1 -1 1 1 -1 1 -1 
BrutForce Method: Imbalance = 0 --------- S = 1 7 



-1 -1 1 1 1 1 1 1 1 -1 -1 1 1 -1 1 
-1 -1 1 -1 -1 1 1 1 1 1 1 -1 -1 -1 1 
1 -1 -1 1 -1 -1 1 1 1 1 1 1 1 -1 1 
-1 1 -1 -1 -1 -1 -1 -1 1 -1 1 -1 1 -1 1 
BrutForce Method: Imbalance = 0 --------- S = 2 7 



-1 1 -1 1 1 -1 -1 1 -1 1 1 -1 1 1 -1 
1 1 -1 -1 1 -1 -1 -1 1 1 -1 -1 1 -1 1 
-1 1 1 1 1 -1 -1 1 1 -1 1 1 -1 -1 1 
1 -1 1 -1 -1 1 -1 1 -1 -1 1 1 1 1 1 
BrutForce Method: Imbalance = 0 --------- S = 1 4 



1 -1 1 -1 -1 -1 -1 -1 1 -1 -1 -1 -1 -1 -1 
1 1 -1 -1 1 -1 1 1 1 -1 -1 1 1 1 1 
1 1 1 1 -1 -1 -1 -1 -1 -1 1 -1 1 -1 1 
-1 -1 1 1 1 -1 -1 -1 1 1 1 1 1 1 1 
BrutForce Method: Imbalance = 0 --------- S = 1 3 5 6 



-1 1 1 -1 -1 -1 -1 1 -1 1 1 -1 1 1 1 
-1 1 1 1 -1 1 1 -1 -1 1 1 1 1 1 -1 
-1 -1 -1 1 1 -1 1 -1 1 1 -1 1 1 -1 -1 
1 1 -1 -1 1 1 1 1 1 -1 1 -1 1 -1 1 
BrutForce Method: Imbalance = 0 --------- S = 3 5 



1 -1 1 1 -1 1 1 -1 -1 -1 1 1 1 -1 1 
1 1 1 1 1 1 1 -1 -1 -1 -1 1 -1 1 1 
-1 1 -1 -1 1 -1 -1 1 1 -1 -1 -1 -1 -1 -1 
1 1 -1 -1 1 1 1 -1 -1 1 -1 -1 1 -1 -1 
BrutForce Method: Imbalance = 0 --------- S = 1 8 



-1 1 -1 -1 1 -1 -1 -1 1 1 1 -1 1 -1 -1 
1 1 1 -1 -1 -1 -1 -1 -1 -1 -1 -1 1 1 1 
-1 1 -1 1 -1 -1 -1 1 1 1 -1 -1 1 1 1 
1 1 1 -1 -1 1 1 -1 1 -1 -1 1 1 1 -1 
BrutForce Method: Imbalance = 0 --------- S = 1 2 4 5 



1 1 -1 -1 1 1 1 1 -1 -1 1 1 -1 1 1 
1 1 1 -1 -1 1 -1 -1 1 -1 1 1 -1 1 1 
1 -1 -1 -1 -1 -1 -1 1 -1 -1 -1 1 -1 1 1 
1 -1 -1 1 1 -1 -1 -1 1 -1 -1 -1 -1 -1 -1 
BrutForce Method: Imbalance = 0 --------- S = 1 3 4 8 



-1 1 -1 1 1 -1 -1 1 1 1 1 1 1 -1 -1 
1 1 1 1 -1 1 1 -1 -1 -1 -1 1 1 -1 1 
-1 1 1 1 -1 1 -1 1 1 1 1 -1 -1 -1 1 
1 -1 1 -1 -1 1 1 1 -1 -1 -1 1 1 1 1 
BrutForce Method: Imbalance = 0 --------- S = 3 5 



1 -1 -1 -1 -1 1 -1 1 1 1 1 -1 -1 -1 -1 
-1 1 -1 1 -1 -1 1 1 -1 1 1 1 -1 1 -1 
1 -1 -1 -1 -1 1 -1 1 -1 1 1 1 -1 -1 1 
-1 1 1 1 -1 1 -1 1 -1 -1 -1 -1 -1 1 1 
BrutForce Method: Imbalance = 0 --------- S = 1 2 



-1 -1 -1 -1 1 1 1 1 -1 1 -1 -1 -1 -1 1 
-1 1 1 1 -1 -1 -1 -1 1 1 -1 -1 -1 -1 1 
1 1 1 -1 -1 -1 1 1 1 1 1 -1 -1 -1 -1 
1 -1 1 1 1 -1 1 -1 1 -1 -1 1 1 1 -1 
BrutForce Method: Imbalance = 0 --------- S = 2 5 



1 -1 1 1 1 -1 1 -1 -1 1 1 -1 -1 1 -1 
1 -1 -1 1 -1 -1 1 1 -1 -1 1 1 1 1 -1 
-1 -1 1 1 -1 -1 1 1 -1 -1 -1 -1 1 1 -1 
-1 -1 1 1 1 1 -1 -1 -1 1 -1 -1 1 -1 -1 
BrutForce Method: Imbalance = 0 --------- S = 2 4 



-1 1 1 1 1 -1 -1 1 -1 -1 1 1 1 1 -1 
1 1 1 -1 -1 -1 1 1 -1 1 1 -1 1 -1 1 
-1 -1 -1 1 1 1 1 1 1 1 -1 1 -1 1 -1 
1 -1 1 1 -1 1 1 1 -1 1 1 1 -1 1 1 
BrutForce Method: Imbalance = 0 --------- S = 1 5 



-1 1 -1 1 -1 1 -1 -1 1 1 -1 1 -1 -1 -1 
-1 -1 -1 -1 1 -1 -1 1 -1 -1 1 -1 -1 1 -1 
1 -1 1 1 1 1 -1 -1 1 -1 -1 1 -1 1 -1 
-1 -1 -1 1 1 -1 -1 -1 -1 1 -1 1 1 -1 1 
BrutForce Method: Imbalance = 0 --------- S = 2 5 



1 -1 -1 1 -1 -1 1 -1 1 1 1 1 1 -1 -1 
1 -1 -1 -1 -1 -1 -1 1 -1 1 -1 1 -1 1 1 
-1 -1 -1 1 1 1 -1 1 -1 -1 -1 -1 1 -1 -1 
-1 1 -1 -1 -1 1 1 1 -1 1 1 -1 1 -1 -1 
BrutForce Method: Imbalance = 0 --------- S = 1 6 



-1 -1 -1 1 1 1 -1 1 1 -1 1 -1 1 -1 1 
1 -1 1 -1 -1 -1 -1 1 -1 -1 1 -1 -1 1 1 
-1 -1 -1 1 1 -1 1 -1 1 1 1 1 -1 -1 1 
-1 -1 -1 1 -1 -1 1 -1 1 1 -1 1 1 -1 -1 
BrutForce Method: Imbalance = 0 --------- S = 1 4 



-1 1 -1 -1 1 -1 -1 1 1 -1 -1 -1 -1 -1 1 
-1 -1 1 -1 1 1 -1 -1 -1 -1 -1 -1 1 -1 1 
-1 1 -1 1 1 1 -1 -1 1 1 1 1 1 -1 1 
1 -1 1 1 1 1 -1 1 1 -1 -1 1 -1 1 1 
BrutForce Method: Imbalance = 0 --------- S = 2 3 



1 1 1 1 1 -1 -1 1 1 -1 1 -1 1 1 1 
-1 1 1 -1 1 -1 1 -1 -1 -1 -1 -1 -1 -1 1 
-1 1 -1 -1 -1 1 1 1 -1 1 -1 -1 -1 1 -1 
-1 1 1 1 1 -1 1 -1 -1 -1 1 1 1 1 -1 
BrutForce Method: Imbalance = 0 --------- S = 3 6 



1 -1 1 -1 -1 1 1 1 1 1 -1 -1 -1 1 -1 
-1 -1 1 1 -1 -1 1 1 1 -1 1 -1 1 1 1 
-1 -1 1 1 -1 1 -1 -1 -1 -1 -1 1 -1 1 1 
-1 -1 1 1 -1 -1 -1 -1 -1 1 1 -1 -1 -1 -1 
BrutForce Method: Imbalance = 0 --------- S = 2 3 



-1 1 1 1 -1 -1 1 1 -1 1 -1 1 1 -1 1 
1 1 -1 1 1 1 -1 1 -1 1 -1 1 1 -1 -1 
1 1 -1 1 1 1 1 1 1 1 1 1 -1 1 1 
1 1 1 -1 1 -1 1 -1 -1 -1 -1 1 1 1 -1 
BrutForce Method: Imbalance = 0 --------- S = 3 6 



1 -1 1 -1 1 1 1 -1 -1 1 -1 1 1 -1 1 
1 1 1 1 1 -1 -1 1 1 -1 1 1 1 1 -1 
-1 -1 1 -1 -1 1 -1 1 1 -1 -1 -1 1 1 1 
1 1 1 1 -1 -1 -1 1 1 -1 1 -1 -1 1 -1 
BrutForce Method: Imbalance = 0 --------- S = 2 6 



-1 1 -1 1 -1 -1 -1 1 -1 -1 -1 1 1 1 1 
-1 1 -1 1 -1 1 1 1 1 1 -1 -1 1 -1 -1 
-1 -1 1 1 -1 1 -1 -1 1 -1 -1 1 1 -1 -1 
1 1 1 -1 -1 -1 -1 1 -1 1 -1 1 -1 1 1 
BrutForce Method: Imbalance = 0 --------- S = 1 4 



1 -1 1 1 1 -1 -1 -1 1 -1 1 -1 -1 -1 1 
1 -1 -1 -1 1 -1 1 1 -1 1 -1 -1 1 1 1 
1 -1 1 -1 -1 -1 1 1 -1 -1 -1 -1 1 1 -1 
-1 -1 -1 1 -1 -1 1 -1 1 -1 1 1 -1 1 1 
BrutForce Method: Imbalance = 0 --------- S = 1 2 4 7 



-1 -1 1 -1 1 1 -1 -1 1 1 1 -1 -1 -1 1 
1 -1 1 -1 1 1 -1 1 1 1 -1 1 -1 -1 1 
-1 -1 -1 1 1 1 -1 -1 -1 1 1 -1 -1 1 1 
-1 1 1 1 1 -1 -1 -1 1 1 1 -1 -1 -1 1 
BrutForce Method: Imbalance = 0 --------- S = 2 6 



-1 -1 -1 1 1 -1 1 1 -1 1 1 -1 -1 -1 1 
1 -1 1 -1 -1 1 1 -1 -1 -1 -1 -1 1 -1 1 
-1 -1 1 -1 -1 1 -1 -1 -1 1 1 -1 -1 -1 1 
-1 -1 -1 1 1 -1 -1 1 1 -1 1 1 1 -1 -1 
BrutForce Method: Imbalance = 0 --------- S = 3 4 



1 1 -1 -1 1 1 1 -1 -1 -1 -1 -1 -1 1 1 
1 1 -1 1 -1 1 -1 -1 -1 -1 1 -1 1 -1 -1 
1 -1 -1 -1 -1 1 -1 1 -1 1 1 -1 1 1 1 
-1 -1 -1 1 1 -1 -1 -1 1 -1 1 1 1 -1 1 
BrutForce Method: Imbalance = 0 --------- S = 1 4 5 8 



1 -1 1 -1 -1 -1 -1 -1 1 -1 1 -1 1 1 1 
1 -1 -1 -1 -1 -1 1 1 -1 -1 -1 1 1 -1 1 
1 -1 -1 -1 1 -1 -1 1 -1 1 -1 1 1 -1 1 
1 -1 1 -1 1 -1 1 -1 1 -1 1 -1 -1 -1 -1 
BrutForce Method: Imbalance = 0 --------- S = 1 2 



-1 -1 1 -1 -1 1 -1 1 1 1 -1 -1 -1 1 -1 
1 -1 1 1 -1 1 1 -1 -1 1 1 -1 -1 -1 1 
1 1 1 1 -1 1 1 1 1 -1 1 1 1 1 -1 
1 -1 -1 1 1 1 1 -1 1 1 -1 -1 -1 1 1 
BrutForce Method: Imbalance = 0 --------- S = 3 5 



-1 1 1 -1 -1 -1 1 1 -1 -1 -1 1 1 -1 1 
1 -1 1 -1 1 1 -1 1 -1 1 -1 -1 -1 -1 -1 
1 1 -1 1 1 -1 -1 -1 -1 -1 1 -1 -1 1 -1 
1 -1 -1 1 1 -1 1 -1 1 -1 1 1 -1 1 -1 
BrutForce Method: Imbalance = 