n = 13   m = 8   k = 34


-1 -1 -1 -1 -1 1 1 -1 1 -1 -1 -1 1 
-1 -1 1 -1 -1 1 -1 -1 1 1 1 1 1 
-1 1 1 1 -1 -1 -1 1 -1 -1 1 1 1 
-1 1 1 1 -1 -1 -1 1 1 1 1 -1 1 
-1 1 -1 -1 -1 1 1 -1 1 -1 -1 -1 1 
-1 -1 -1 1 -1 1 -1 -1 -1 -1 1 -1 -1 
-1 1 -1 1 -1 1 -1 1 -1 1 -1 -1 -1 
-1 -1 1 1 1 -1 1 -1 1 -1 1 -1 -1 
BrutForce Method: Imbalance = 0 --------- S = 6 7 8 11 



1 -1 -1 -1 -1 -1 -1 -1 -1 1 -1 -1 1 
-1 -1 -1 1 1 1 -1 -1 -1 1 1 -1 1 
1 -1 -1 1 -1 1 1 1 -1 -1 -1 1 1 
-1 -1 -1 -1 1 -1 -1 1 1 -1 1 -1 1 
1 1 -1 -1 1 -1 1 1 -1 -1 1 -1 1 
1 1 -1 1 1 1 1 -1 -1 1 1 -1 1 
1 -1 -1 1 -1 -1 1 1 1 -1 1 -1 1 
-1 -1 1 -1 1 1 -1 1 1 -1 -1 -1 -1 
BrutForce Method: Imbalance = 0 --------- S = 8 10 



1 -1 -1 -1 -1 1 1 -1 1 1 1 1 1 
1 1 -1 1 -1 -1 1 1 -1 1 -1 1 -1 
1 -1 -1 1 -1 -1 1 1 -1 1 1 1 1 
1 -1 -1 -1 1 1 1 1 -1 1 -1 1 -1 
1 1 -1 -1 1 1 -1 -1 1 -1 1 1 1 
-1 1 -1 1 1 1 1 1 -1 -1 -1 -1 1 
1 -1 -1 -1 -1 -1 1 1 1 -1 -1 1 -1 
-1 1 -1 -1 -1 1 1 -1 1 -1 -1 1 1 
BrutForce Method: Imbalance = 0 --------- S = 3 4 5 7 9 12 



-1 1 -1 -1 -1 1 -1 -1 -1 -1 -1 -1 1 
-1 -1 -1 -1 1 -1 1 -1 1 1 -1 -1 -1 
-1 1 -1 -1 -1 1 1 -1 1 -1 1 1 -1 
-1 -1 -1 -1 -1 -1 1 -1 -1 -1 1 -1 1 
-1 1 1 1 -1 1 -1 1 1 -1 -1 1 -1 
-1 1 1 -1 1 -1 1 1 1 1 -1 1 1 
1 1 -1 -1 -1 1 1 1 -1 1 -1 1 -1 
-1 1 1 -1 -1 1 -1 -1 1 -1 1 1 1 
BrutForce Method: Imbalance = 2 --------- S = 5 6 



-1 -1 1 1 1 1 -1 -1 1 -1 1 1 1 
-1 1 1 -1 -1 1 -1 1 1 -1 -1 -1 -1 
1 -1 -1 1 -1 -1 -1 1 -1 -1 -1 1 1 
1 -1 1 -1 -1 1 1 1 1 -1 1 -1 1 
1 -1 1 1 -1 1 -1 1 -1 -1 -1 1 1 
-1 1 -1 -1 -1 1 1 -1 -1 -1 1 1 1 
1 -1 -1 -1 1 1 1 1 1 1 -1 1 -1 
-1 -1 -1 1 -1 1 -1 1 -1 1 1 1 1 
BrutForce Method: Imbalance = 0 --------- S = 2 5 8 13 



-1 -1 1 -1 -1 -1 1 -1 1 -1 -1 1 -1 
-1 -1 1 -1 -1 1 -1 -1 1 -1 1 -1 -1 
1 1 1 1 -1 -1 -1 -1 -1 1 -1 1 1 
1 1 -1 -1 -1 -1 -1 1 -1 1 -1 -1 1 
-1 -1 1 -1 1 -1 -1 -1 -1 -1 1 1 -1 
-1 -1 1 1 1 1 1 -1 -1 -1 -1 1 1 
1 1 1 -1 -1 -1 -1 -1 1 -1 -1 1 1 
1 1 -1 -1 -1 -1 -1 -1 1 1 -1 1 -1 
BrutForce Method: Imbalance = 2 --------- S = 3 8 



-1 1 1 -1 1 1 -1 1 1 1 -1 -1 1 
1 -1 1 -1 1 -1 1 1 -1 -1 1 1 -1 
1 -1 -1 1 1 -1 1 -1 1 -1 1 1 1 
1 1 -1 1 -1 1 -1 -1 -1 1 1 1 -1 
-1 -1 1 1 -1 1 -1 -1 1 1 1 -1 -1 
1 -1 1 1 1 1 -1 -1 -1 -1 -1 1 -1 
-1 -1 -1 1 -1 -1 -1 -1 -1 1 -1 -1 -1 
-1 -1 1 1 -1 1 1 1 -1 -1 -1 -1 1 
BrutForce Method: Imbalance = 2 --------- S = 4 8 



1 1 1 1 -1 -1 -1 -1 1 1 -1 -1 -1 
1 1 -1 -1 1 1 1 -1 -1 -1 1 1 1 
1 1 -1 -1 1 1 1 1 -1 1 -1 -1 1 
-1 1 1 -1 1 1 -1 -1 -1 -1 1 1 -1 
-1 -1 1 -1 1 1 -1 1 1 -1 -1 1 1 
1 -1 -1 -1 1 -1 1 1 1 1 1 1 1 
1 -1 -1 1 1 1 1 -1 1 1 -1 -1 -1 
1 1 -1 -1 -1 -1 -1 1 1 1 1 -1 1 
BrutForce Method: Imbalance = 0 --------- S = 1 3 4 6 8 11 



1 1 1 1 1 -1 1 1 -1 -1 -1 1 1 
-1 -1 -1 -1 1 -1 1 1 -1 1 1 -1 -1 
-1 1 1 1 -1 -1 -1 -1 1 -1 1 -1 -1 
1 1 -1 1 -1 1 -1 1 1 1 1 1 1 
1 -1 1 1 1 1 1 1 1 -1 -1 -1 1 
1 -1 1 -1 -1 -1 -1 1 1 1 -1 1 1 
-1 -1 -1 -1 -1 -1 1 -1 -1 1 1 -1 1 
-1 -1 -1 -1 1 -1 -1 1 1 1 -1 1 1 
BrutForce Method: Imbalance = 2 --------- S = 7 9 



1 -1 1 -1 -1 -1 1 -1 -1 -1 1 -1 -1 
-1 1 -1 1 1 -1 -1 1 1 1 1 -1 -1 
1 -1 1 1 1 1 -1 1 -1 1 1 1 1 
1 -1 -1 1 -1 1 -1 -1 1 -1 -1 -1 -1 
-1 1 1 -1 -1 1 -1 -1 -1 -1 -1 -1 -1 
-1 1 1 -1 -1 -1 1 -1 -1 1 1 -1 -1 
-1 -1 -1 1 1 1 -1 -1 -1 -1 -1 1 -1 
-1 1 -1 -1 -1 -1 1 1 -1 -1 1 -1 -1 
BrutForce Method: Imbalance = 2 --------- S = 1 2 



-1 -1 -1 -1 -1 1 1 -1 1 -1 1 -1 1 
-1 -1 1 1 -1 -1 -1 -1 -1 1 1 1 -1 
-1 -1 1 1 1 -1 -1 1 1 -1 1 1 1 
-1 1 -1 1 1 1 1 -1 -1 1 -1 -1 1 
1 -1 -1 -1 1 -1 1 1 1 1 -1 1 1 
1 -1 -1 -1 1 1 -1 -1 -1 1 1 1 1 
1 1 -1 1 1 -1 -1 -1 1 -1 -1 -1 1 
1 1 1 1 1 1 -1 -1 1 -1 1 1 -1 
BrutForce Method: Imbalance = 2 --------- S = 9 10 



-1 -1 1 -1 1 -1 -1 -1 1 -1 -1 1 -1 
-1 -1 1 -1 1 1 -1 1 -1 1 -1 1 -1 
-1 1 1 -1 1 1 -1 -1 -1 -1 -1 1 1 
-1 1 -1 1 1 1 1 1 1 -1 -1 -1 -1 
1 1 -1 -1 1 1 1 -1 1 1 1 1 -1 
-1 1 -1 -1 1 1 1 1 1 1 1 1 -1 
1 1 1 1 -1 1 1 1 -1 1 1 -1 -1 
1 1 -1 -1 1 -1 -1 1 -1 1 -1 1 -1 
BrutForce Method: Imbalance = 0 --------- S = 4 12 



-1 -1 -1 -1 1 -1 -1 1 1 1 1 -1 -1 
-1 -1 -1 1 -1 1 1 1 -1 1 1 -1 1 
1 1 1 1 -1 -1 1 1 1 1 1 1 -1 
-1 -1 1 -1 -1 -1 -1 1 1 1 -1 1 1 
-1 -1 -1 1 1 1 -1 -1 1 1 1 1 1 
1 1 1 -1 1 1 -1 -1 1 -1 1 -1 -1 
-1 1 -1 1 1 -1 1 1 1 -1 -1 1 1 
1 -1 1 -1 1 -1 1 -1 1 1 -1 -1 1 
BrutForce Method: Imbalance = 2 --------- S = 3 5 6 8 



-1 -1 -1 1 -1 -1 -1 -1 1 1 1 1 -1 
1 1 1 1 1 -1 1 -1 -1 1 1 1 1 
-1 1 -1 1 1 -1 1 -1 1 -1 -1 -1 -1 
1 -1 -1 -1 -1 1 1 1 1 -1 -1 1 -1 
-1 1 1 1 1 1 -1 -1 1 1 -1 1 1 
-1 1 -1 -1 1 -1 -1 1 1 1 -1 1 -1 
-1 1 -1 1 1 1 -1 -1 -1 -1 -1 1 -1 
-1 -1 1 1 -1 1 -1 -1 -1 -1 1 1 -1 
BrutForce Method: Imbalance = 0 --------- S = 4 8 



-1 1 -1 -1 1 1 -1 -1 1 -1 1 -1 -1 
1 -1 -1 1 -1 1 -1 -1 1 1 1 1 1 
1 -1 -1 1 -1 -1 1 -1 1 -1 -1 1 1 
-1 -1 -1 1 -1 -1 1 -1 -1 -1 -1 -1 1 
1 1 1 -1 1 1 -1 1 1 1 -1 -1 1 
-1 1 1 -1 -1 1 -1 1 -1 -1 -1 1 -1 
-1 1 1 1 -1 -1 1 -1 -1 -1 1 1 -1 
-1 -1 1 1 1 -1 1 1 -1 -1 -1 1 1 
BrutForce Method: Imbalance = 0 --------- S = 6 7 



1 1 -1 -1 -1 -1 -1 1 1 -1 -1 -1 -1 
-1 1 -1 -1 1 -1 -1 1 1 -1 1 -1 -1 
-1 1 1 -1 1 1 -1 1 1 1 1 1 -1 
-1 -1 -1 1 -1 1 1 -1 -1 1 -1 -1 1 
1 1 -1 1 -1 -1 1 1 -1 -1 -1 1 -1 
1 -1 -1 -1 1 1 -1 -1 -1 1 -1 1 -1 
1 1 1 -1 1 1 -1 -1 -1 -1 1 1 1 
1 -1 1 -1 1 1 1 -1 -1 1 -1 1 -1 
BrutForce Method: Imbalance = 2 --------- S = 4 5 



1 1 -1 1 -1 1 -1 1 -1 1 1 1 -1 
1 -1 1 1 1 -1 -1 -1 -1 1 1 -1 1 
-1 -1 -1 1 -1 -1 1 1 -1 -1 -1 -1 -1 
1 1 -1 1 1 1 -1 -1 1 1 -1 1 -1 
1 -1 1 1 1 1 -1 -1 -1 1 -1 -1 1 
1 1 1 1 1 -1 -1 -1 1 -1 1 -1 1 
1 -1 1 -1 1 -1 -1 1 1 1 -1 1 1 
1 1 1 1 -1 -1 -1 1 -1 1 -1 -1 -1 
BrutForce Method: Imbalance = 0 --------- S = 1 7 



1 1 -1 -1 1 1 -1 -1 -1 1 1 1 1 
-1 -1 -1 1 1 -1 -1 -1 1 1 1 1 -1 
-1 1 -1 1 -1 1 -1 1 1 -1 1 1 -1 
-1 -1 1 1 -1 -1 -1 -1 1 -1 1 1 1 
-1 -1 1 -1 1 1 1 -1 -1 1 -1 1 1 
-1 1 -1 -1 -1 -1 1 1 -1 1 -1 1 1 
-1 1 -1 1 1 -1 1 -1 -1 -1 1 -1 1 
-1 1 1 -1 1 -1 -1 -1 -1 1 1 -1 -1 
BrutForce Method: Imbalance = 0 --------- S = 2 3 4 5 8 9 10 13 



1 -1 -1 -1 -1 -1 -1 -1 -1 -1 1 1 -1 
1 -1 -1 -1 -1 1 -1 -1 -1 1 -1 1 1 
1 1 -1 -1 -1 1 1 1 1 -1 -1 -1 1 
1 1 1 1 1 1 -1 1 -1 -1 1 1 -1 
1 -1 -1 1 1 1 -1 -1 1 -1 1 1 1 
-1 1 -1 -1 1 1 -1 1 -1 1 -1 1 -1 
1 1 1 -1 -1 -1 -1 1 1 1 -1 1 1 
1 -1 1 1 1 -1 -1 1 -1 1 -1 -1 1 
BrutForce Method: Imbalance = 2 --------- S = 10 11 



-1 1 -1 1 1 1 -1 -1 -1 1 -1 -1 1 
1 1 -1 1 -1 1 1 -1 1 -1 1 -1 -1 
1 1 1 1 -1 -1 1 1 1 1 1 1 -1 
-1 1 -1 1 -1 -1 1 -1 -1 1 -1 -1 1 
1 1 1 1 -1 -1 1 -1 -1 -1 -1 -1 -1 
1 -1 -1 1 -1 1 -1 1 -1 -1 -1 -1 1 
1 1 1 -1 1 -1 1 1 1 1 -1 1 1 
-1 1 1 1 -1 -1 -1 -1 1 -1 1 1 -1 
BrutForce Method: Imbalance = 2 --------- S = 4 5 



-1 1 1 1 -1 1 -1 1 1 1 -1 -1 1 
1 1 1 -1 1 -1 1 -1 1 -1 -1 -1 1 
1 -1 1 -1 1 1 1 -1 1 1 1 1 -1 
1 -1 1 1 1 -1 -1 1 1 1 1 1 -1 
-1 -1 -1 -1 -1 -1 -1 1 1 -1 -1 1 1 
-1 1 -1 -1 -1 1 1 -1 -1 -1 1 1 1 
1 1 1 1 1 -1 -1 -1 -1 1 -1 1 -1 
-1 -1 -1 1 1 1 1 1 1 -1 -1 -1 1 
BrutForce Method: Imbalance = 2 --------- S = 2 7 8 12 



1 1 -1 -1 -1 -1 -1 1 -1 -1 -1 -1 -1 
1 1 -1 1 1 1 1 1 1 -1 1 -1 1 
1 -1 -1 1 -1 1 -1 -1 1 1 1 1 -1 
-1 1 -1 1 -1 -1 1 1 1 -1 -1 -1 1 
-1 1 1 1 1 1 -1 1 1 -1 1 -1 -1 
-1 -1 1 -1 -1 1 1 -1 -1 -1 1 1 1 
1 1 -1 -1 -1 -1 -1 1 -1 1 -1 1 -1 
-1 -1 -1 1 -1 -1 -1 1 -1 -1 1 -1 1 
BrutForce Method: Imbalance = 2 --------- S = 8 12 



-1 1 -1 -1 -1 1 1 -1 1 -1 -1 1 1 
1 -1 -1 -1 -1 -1 1 1 -1 1 1 -1 1 
-1 -1 -1 -1 1 1 1 -1 -1 -1 1 1 1 
-1 -1 -1 -1 -1 1 1 1 -1 -1 -1 1 1 
1 1 -1 1 1 -1 -1 1 1 1 1 1 1 
1 -1 1 -1 -1 -1 -1 1 1 1 1 1 1 
1 1 1 1 -1 -1 1 1 1 1 -1 -1 1 
1 -1 -1 -1 -1 -1 1 -1 -1 -1 1 1 1 
BrutForce Method: Imbalance = 0 --------- S = 1 6 



-1 -1 -1 1 -1 1 1 -1 -1 1 -1 -1 1 
-1 1 1 1 1 1 -1 -1 -1 -1 -1 1 -1 
-1 -1 1 1 -1 -1 -1 1 -1 -1 -1 1 -1 
-1 -1 1 1 -1 1 1 -1 -1 1 1 -1 1 
-1 1 1 -1 1 -1 -1 1 1 -1 1 1 -1 
-1 1 -1 1 -1 -1 -1 -1 -1 1 -1 -1 -1 
1 -1 1 -1 1 1 1 -1 -1 -1 1 1 -1 
1 1 1 1 -1 -1 1 -1 1 1 -1 1 -1 
BrutForce Method: Imbalance = 2 --------- S = 4 5 



1 1 -1 -1 1 1 1 1 -1 1 -1 1 1 
-1 -1 -1 1 1 -1 1 1 -1 1 -1 -1 -1 
1 -1 -1 1 1 1 1 1 -1 -1 1 1 1 
1 1 1 -1 1 1 -1 -1 -1 -1 -1 -1 -1 
-1 1 1 -1 1 -1 1 -1 1 1 -1 1 -1 
1 1 -1 1 1 1 1 -1 -1 -1 1 -1 1 
1 1 1 -1 -1 -1 1 -1 -1 1 1 1 -1 
1 1 -1 1 1 1 -1 1 -1 -1 -1 1 1 
BrutForce Method: Imbalance = 0 --------- S = 3 4 6 10 



1 -1 -1 1 1 1 -1 1 -1 -1 -1 1 1 
-1 1 -1 -1 -1 1 1 1 1 1 -1 -1 1 
1 1 -1 1 -1 1 1 -1 1 1 -1 -1 1 
1 1 1 1 1 -1 -1 -1 -1 1 1 1 1 
1 -1 -1 -1 -1 -1 -1 -1 -1 1 1 1 1 
-1 1 1 -1 -1 1 1 -1 -1 1 1 -1 -1 
-1 1 1 1 -1 -1 1 -1 1 -1 1 1 -1 
-1 1 -1 -1 -1 -1 1 1 1 1 1 1 1 
BrutForce Method: Imbalance = 2 --------- S = 1 7 



-1 1 1 -1 1 1 1 -1 -1 1 1 1 -1 
1 1 1 -1 1 -1 1 1 -1 -1 1 -1 -1 
1 -1 -1 1 -1 -1 1 1 1 1 1 1 -1 
1 1 1 -1 1 1 1 -1 1 1 -1 -1 -1 
-1 1 1 1 -1 -1 1 1 -1 1 1 1 -1 
1 1 -1 -1 1 -1 -1 1 1 1 1 -1 -1 
-1 -1 1 1 1 -1 1 -1 1 1 -1 -1 1 
-1 1 -1 -1 -1 1 1 1 1 1 1 -1 -1 
BrutForce Method: Imbalance = 0 --------- S = 4 5 6 8 



-1 -1 1 -1 -1 1 1 -1 -1 -1 1 -1 -1 
1 1 1 -1 -1 1 -1 -1 -1 -1 1 1 1 
-1 -1 1 1 1 1 -1 -1 -1 -1 1 -1 -1 
1 -1 -1 1 1 1 -1 -1 1 -1 -1 -1 1 
1 1 -1 -1 -1 1 -1 -1 -1 1 1 1 1 
1 -1 -1 -1 1 1 -1 1 1 1 -1 -1 1 
-1 -1 -1 -1 -1 -1 1 1 -1 -1 1 1 1 
1 1 -1 1 -1 1 -1 1 1 -1 1 -1 1 
BrutForce Method: Imbalance = 0 --------- S = 1 5 7 11 



-1 1 -1 -1 1 -1 -1 -1 1 1 -1 1 1 
-1 1 1 -1 1 -1 1 -1 -1 -1 -1 -1 1 
-1 -1 -1 1 1 1 -1 1 -1 -1 1 1 -1 
1 -1 -1 -1 -1 1 -1 1 -1 -1 -1 1 1 
1 1 1 -1 1 1 -1 1 -1 1 1 -1 -1 
-1 1 -1 -1 -1 -1 -1 1 -1 1 -1 -1 -1 
-1 -1 -1 1 1 1 -1 1 -1 -1 1 -1 1 
-1 1 1 1 -1 -1 1 1 1 1 1 -1 -1 
BrutForce Method: Imbalance = 2 --------- S = 2 6 



1 -1 1 1 1 1 -1 -1 1 -1 -1 1 1 
-1 -1 -1 1 -1 -1 1 -1 -1 -1 1 -1 1 
-1 1 1 1 -1 1 -1 -1 1 1 -1 1 1 
-1 -1 -1 -1 -1 1 1 1 -1 1 1 1 -1 
-1 1 1 -1 1 -1 -1 -1 1 1 -1 -1 -1 
-1 1 1 -1 -1 1 1 -1 -1 -1 1 -1 -1 
-1 1 1 -1 1 1 1 1 1 1 1 -1 1 
-1 -1 1 -1 -1 -1 -1 -1 -1 1 -1 -1 1 
BrutForce Method: Imbalance = 4 --------- S = 3 7 



1 -1 -1 1 -1 -1 1 -1 -1 1 1 1 -1 
1 1 -1 -1 -1 -1 1 1 1 1 1 1 1 
-1 1 -1 1 -1 -1 -1 -1 1 1 -1 1 -1 
1 1 -1 -1 1 1 1 -1 1 1 -1 -1 1 
1 -1 1 1 -1 1 -1 -1 -1 -1 -1 1 -1 
1 -1 -1 -1 -1 -1 1 -1 -1 -1 1 -1 -1 
1 -1 1 1 -1 1 1 -1 1 1 -1 -1 -1 
-1 -1 1 -1 -1 -1 1 1 -1 -1 -1 -1 1 
BrutForce Method: Imbalance = 2 --------- S = 4 13 



1 -1 1 -1 1 1 -1 -1 1 -1 -1 -1 1 
1 1 1 1 1 1 1 1 1 1 -1 -1 1 
-1 -1 -1 1 -1 -1 1 1 -1 1 -1 -1 1 
-1 -1 1 -1 1 1 -1 -1 1 1 -1 1 1 
-1 -1 1 1 1 -1 1 -1 1 1 -1 -1 1 
-1 -1 1 -1 1 -1 -1 1 -1 1 -1 -1 -1 
-1 -1 -1 1 -1 -1 1 1 1 -1 1 1 -1 
1 -1 1 -1 1 -1 1 -1 1 1 -1 1 -1 
BrutForce Method: Imbalance = 2 --------- S = 3 11 



-1 -1 1 1 -1 -1 -1 -1 -1 1 -1 1 1 
-1 1 -1 -1 -1 -1 -1 -1 1 1 1 1 1 
-1 -1 1 1 -1 1 -1 1 1 -1 1 -1 -1 
1 -1 1 -1 1 -1 -1 1 1 -1 1 -1 -1 
1 1 1 -1 -1 1 1 -1 1 -1 -1 -1 1 
1 1 1 -1 -1 1 -1 1 1 1 1 1 1 
-1 1 -1 -1 -1 -1 1 -1 -1 -1 -1 -1 1 
-1 1 -1 -1 1 -1 1 1 1 -1 -1 -1 -1 
BrutForce Method: Imbalance = 2 --------- S = 2 4 



1 -1 -1 1 -1 1 1 -1 1 -1 1 -1 -1 
1 -1 -1 1 -1 -1 1 -1 -1 1 1 1 -1 
1 -1 1 1 -1 -1 -1 -1 -1 -1 -1 -1 1 
1 -1 -1 -1 -1 -1 1 1 -1 -1 -1 -1 1 
-1 -1 1 -1 -1 1 -1 -1 1 -1 1 -1 -1 
-1 1 -1 1 1 1 1 1 1 -1 1 -1 1 
-1 1 -1 1 1 1 1 1 1 -1 1 1 -1 
-1 -1 -1 -1 -1 -1 -1 1 -1 -1 -1 -1 -1 
BrutForce Method: Imbalance = 2 --------- S = 3 7 



