n = 4   m = 15   k = 23


-1 1 1 -1 
1 -1 1 1 
1 -1 1 1 
1 -1 1 1 
-1 1 -1 -1 
-1 1 -1 1 
-1 -1 -1 -1 
1 1 -1 1 
-1 1 -1 -1 
-1 1 -1 -1 
-1 -1 1 1 
-1 -1 1 -1 
-1 -1 -1 1 
1 1 1 1 
1 -1 1 1 
BrutForce Method: Imbalance = 8 --------- S = 2 3 



-1 -1 -1 -1 
1 1 -1 -1 
1 1 -1 1 
1 1 1 1 
-1 -1 1 1 
1 1 1 -1 
-1 -1 1 1 
-1 -1 1 1 
1 -1 -1 -1 
-1 1 -1 -1 
-1 -1 -1 -1 
-1 1 -1 -1 
1 1 -1 1 
-1 1 1 -1 
-1 -1 1 -1 
BrutForce Method: Imbalance = 12 --------- S = 1 3 



1 1 -1 1 
-1 1 -1 1 
1 -1 -1 -1 
-1 -1 -1 -1 
-1 -1 -1 1 
-1 -1 1 1 
1 1 1 1 
-1 -1 1 1 
-1 -1 -1 1 
-1 -1 -1 -1 
1 -1 -1 -1 
-1 -1 -1 1 
1 -1 1 1 
1 1 -1 -1 
-1 1 1 1 
BrutForce Method: Imbalance = 10 --------- S = 1 4 



1 -1 -1 1 
1 1 -1 1 
-1 1 -1 1 
1 -1 -1 -1 
1 -1 -1 1 
1 -1 1 1 
1 -1 1 1 
1 1 1 -1 
1 1 1 1 
-1 1 -1 1 
-1 1 1 -1 
1 -1 -1 -1 
-1 -1 -1 -1 
1 1 1 1 
-1 1 -1 1 
BrutForce Method: Imbalance = 10 --------- S = 1 2 



1 1 1 -1 
-1 -1 1 -1 
1 -1 1 1 
-1 -1 -1 -1 
-1 -1 -1 -1 
-1 1 1 1 
-1 -1 -1 1 
-1 1 -1 1 
-1 -1 1 1 
-1 1 -1 1 
-1 -1 -1 1 
1 -1 1 -1 
-1 -1 -1 -1 
-1 1 -1 1 
1 1 1 -1 
BrutForce Method: Imbalance = 10 --------- S = 1 4 



-1 1 1 1 
1 1 1 1 
-1 -1 1 -1 
1 1 1 1 
-1 -1 -1 1 
1 1 1 -1 
-1 -1 1 -1 
-1 1 -1 -1 
-1 -1 -1 -1 
-1 -1 1 1 
-1 1 1 -1 
-1 1 -1 1 
-1 -1 1 -1 
1 -1 -1 -1 
1 -1 -1 -1 
BrutForce Method: Imbalance = 14 --------- S = 1 3 



1 -1 -1 1 
1 -1 1 -1 
-1 1 1 1 
1 1 1 1 
1 1 1 1 
-1 -1 -1 -1 
1 1 1 1 
1 -1 -1 -1 
1 -1 1 -1 
1 -1 1 1 
-1 1 -1 1 
-1 1 -1 -1 
1 1 1 1 
1 -1 1 -1 
-1 1 1 -1 
BrutForce Method: Imbalance = 10 --------- S = 1 2 



-1 -1 -1 1 
-1 -1 1 1 
-1 1 1 1 
1 -1 1 1 
1 -1 -1 1 
1 -1 1 -1 
1 -1 -1 1 
1 1 -1 1 
1 1 -1 -1 
-1 1 1 -1 
-1 -1 -1 -1 
-1 1 1 1 
1 -1 1 -1 
-1 1 1 1 
1 1 1 1 
BrutForce Method: Imbalance = 12 --------- S = 1 2 



1 -1 -1 1 
-1 -1 1 1 
-1 1 1 -1 
1 -1 1 1 
-1 1 1 1 
-1 1 1 -1 
-1 -1 -1 1 
1 -1 1 -1 
-1 -1 -1 1 
1 -1 1 1 
1 1 1 -1 
1 1 -1 1 
1 1 1 1 
-1 -1 1 1 
-1 -1 -1 1 
BrutForce Method: Imbalance = 8 --------- S = 2 4 



-1 -1 -1 -1 
-1 1 1 -1 
-1 1 -1 -1 
1 1 1 1 
1 -1 -1 1 
-1 1 -1 1 
-1 1 1 1 
-1 1 1 1 
1 1 1 1 
-1 1 1 1 
1 1 1 -1 
1 1 -1 1 
-1 -1 1 1 
1 1 -1 1 
-1 1 1 1 
BrutForce Method: Imbalance = 12 --------- S = 1 3 



1 1 1 1 
1 1 1 1 
1 -1 1 1 
1 -1 1 -1 
1 1 -1 -1 
1 1 1 1 
-1 1 1 1 
1 -1 1 1 
1 -1 -1 -1 
1 -1 1 -1 
1 1 1 -1 
-1 1 -1 -1 
-1 1 1 1 
1 -1 -1 -1 
-1 1 1 -1 
BrutForce Method: Imbalance = 10 --------- S = 1 2 



1 -1 1 1 
-1 1 -1 -1 
1 1 -1 -1 
-1 1 -1 -1 
-1 1 1 -1 
-1 1 -1 -1 
1 1 1 -1 
1 -1 1 -1 
-1 1 1 1 
1 -1 -1 -1 
-1 -1 -1 1 
-1 -1 1 -1 
-1 -1 1 1 
-1 1 1 1 
1 -1 1 1 
BrutForce Method: Imbalance = 10 --------- S = 1 2 



1 -1 -1 1 
1 1 -1 -1 
-1 -1 1 -1 
1 1 1 -1 
1 1 1 1 
1 -1 1 1 
1 -1 1 -1 
1 1 1 -1 
-1 -1 1 1 
1 -1 -1 -1 
-1 1 1 -1 
1 1 1 1 
1 1 1 -1 
1 -1 1 -1 
1 1 -1 1 
BrutForce Method: Imbalance = 12 --------- S = 3 4 



-1 1 -1 1 
1 -1 1 1 
1 1 -1 1 
-1 -1 -1 -1 
-1 -1 1 1 
1 1 -1 -1 
1 1 -1 -1 
1 -1 -1 1 
-1 -1 -1 1 
1 -1 1 1 
1 1 -1 -1 
1 -1 1 1 
1 -1 1 -1 
1 1 -1 1 
1 -1 -1 1 
BrutForce Method: Imbalance = 8 --------- S = 2 3 



1 1 -1 1 
-1 1 1 -1 
-1 1 -1 -1 
-1 1 1 1 
-1 -1 -1 -1 
1 -1 -1 1 
-1 1 -1 -1 
-1 -1 1 -1 
1 -1 -1 1 
-1 1 -1 -1 
-1 1 -1 1 
-1 1 -1 -1 
1 -1 -1 1 
-1 1 1 -1 
-1 -1 1 1 
BrutForce Method: Imbalance = 8 --------- S = 1 2 



1 1 -1 1 
-1 1 1 -1 
1 1 -1 -1 
1 -1 -1 1 
-1 1 -1 1 
-1 1 1 1 
1 -1 1 -1 
-1 1 -1 1 
1 -1 -1 -1 
-1 1 -1 -1 
1 1 1 1 
1 -1 1 -1 
-1 1 -1 -1 
1 -1 -1 1 
1 1 -1 1 
BrutForce Method: Imbalance = 8 --------- S = 1 2 



-1 -1 1 1 
1 1 -1 1 
-1 1 -1 1 
-1 1 -1 1 
1 -1 -1 1 
-1 -1 1 -1 
-1 1 -1 -1 
-1 -1 -1 1 
-1 1 -1 -1 
-1 1 1 -1 
-1 -1 1 -1 
1 -1 -1 1 
-1 1 -1 1 
-1 -1 1 1 
-1 -1 1 -1 
BrutForce Method: Imbalance = 8 --------- S = 2 3 



-1 1 -1 -1 
-1 -1 -1 -1 
1 -1 -1 -1 
-1 1 -1 -1 
-1 -1 -1 -1 
-1 1 1 -1 
-1 1 1 -1 
-1 -1 -1 -1 
-1 1 -1 -1 
-1 -1 -1 1 
-1 1 1 1 
-1 1 1 -1 
-1 -1 -1 1 
-1 1 1 -1 
-1 1 1 -1 
BrutForce Method: Imbalance = 10 --------- S = 1 2 



-1 1 -1 1 
1 1 -1 -1 
1 -1 1 1 
1 -1 -1 1 
-1 -1 1 1 
1 1 -1 -1 
-1 1 1 -1 
1 1 -1 -1 
-1 -1 -1 -1 
1 1 1 1 
1 -1 -1 -1 
1 1 1 -1 
-1 1 -1 -1 
1 -1 1 1 
-1 1 1 -1 
BrutForce Method: Imbalance = 8 --------- S = 2 4 



-1 -1 1 1 
-1 -1 1 -1 
1 1 -1 -1 
1 -1 1 -1 
1 -1 1 -1 
-1 1 -1 -1 
-1 1 1 1 
1 -1 -1 -1 
1 1 -1 -1 
1 -1 -1 -1 
1 -1 -1 -1 
1 -1 -1 -1 
-1 1 -1 -1 
1 1 -1 1 
-1 -1 -1 -1 
BrutForce Method: Imbalance = 10 --------- S = 1 3 



1 -1 -1 -1 
1 -1 1 -1 
-1 1 1 -1 
1 -1 -1 1 
1 1 1 1 
1 -1 -1 -1 
-1 -1 1 -1 
-1 -1 1 1 
1 1 -1 -1 
-1 -1 -1 1 
1 1 -1 1 
-1 -1 -1 -1 
-1 1 -1 1 
-1 -1 -1 -1 
-1 -1 -1 -1 
BrutForce Method: Imbalance = 14 --------- S = 1 3 



1 -1 1 -1 
-1 1 -1 -1 
-1 1 1 1 
-1 -1 1 1 
-1 -1 -1 1 
1 -1 -1 -1 
-1 1 1 1 
-1 -1 -1 -1 
-1 1 1 1 
1 -1 1 1 
1 1 -1 1 
-1 -1 1 -1 
-1 1 1 -1 
-1 -1 1 -1 
1 1 -1 1 
BrutForce Method: Imbalance = 10 --------- S = 1 3 



-1 -1 1 1 
1 1 -1 -1 
-1 1 -1 1 
1 1 1 1 
-1 1 -1 -1 
-1 -1 1 1 
1 1 1 1 
1 -1 -1 -1 
1 -1 1 1 
-1 1 -1 -1 
-1 1 1 1 
-1 -1 1 -1 
1 -1 1 -1 
-1 -1 1 1 
1 -1 1 1 
BrutForce Method: Imbalance = 8 --------- S = 2 3 



