-1 -1 -1 -1 1 
-1 1 -1 1 1 
-1 -1 1 -1 1 
Imbalance: 0


1 -1 1 -1 -1 
-1 1 1 1 -1 
1 -1 1 -1 1 
Imbalance: 0


1 1 -1 -1 1 
-1 1 1 1 -1 
-1 -1 1 1 1 
Imbalance: 2


-1 1 -1 -1 -1 
1 1 1 -1 1 
-1 -1 -1 -1 1 
Imbalance: 2


-1 1 -1 -1 1 
1 1 1 1 -1 
-1 1 -1 1 1 
Imbalance: 0


1 1 -1 1 -1 
-1 -1 -1 1 1 
-1 1 -1 1 -1 
Imbalance: 0


1 -1 1 1 1 
-1 1 1 -1 -1 
-1 1 -1 -1 -1 
Imbalance: 2


-1 1 1 -1 -1 
1 -1 1 -1 -1 
-1 -1 1 1 1 
Imbalance: 0


1 -1 1 -1 -1 
1 -1 -1 1 1 
1 1 -1 -1 -1 
Imbalance: 0


-1 1 -1 1 -1 
-1 1 1 1 1 
-1 -1 -1 1 1 
Imbalance: 0


-1 1 -1 1 -1 
-1 -1 -1 -1 -1 
-1 -1 -1 -1 1 
Imbalance: 2


-1 1 -1 1 -1 
-1 -1 -1 -1 1 
-1 1 1 1 1 
Imbalance: 2


-1 1 -1 1 1 
1 -1 1 -1 1 
1 1 1 -1 -1 
Imbalance: 2


1 -1 -1 -1 -1 
-1 1 -1 -1 1 
1 1 -1 1 1 
Imbalance: 2


1 -1 1 -1 -1 
-1 -1 -1 -1 1 
1 -1 -1 -1 -1 
Imbalance: 0


1 -1 1 1 -1 
-1 -1 1 1 1 
1 1 -1 -1 -1 
Imbalance: 0


1 -1 1 -1 -1 
-1 -1 -1 1 1 
1 1 -1 1 -1 
Imbalance: 0


-1 1 -1 -1 -1 
1 -1 -1 -1 -1 
-1 -1 1 1 -1 
Imbalance: 2


1 1 -1 -1 1 
1 1 1 1 1 
-1 1 1 1 1 
Imbalance: 2


-1 1 1 -1 -1 
1 -1 -1 -1 -1 
-1 -1 1 -1 1 
Imbalance: 0


1 1 -1 -1 -1 
-1 1 1 1 -1 
-1 -1 -1 1 1 
Imbalance: 0


1 -1 -1 -1 -1 
-1 -1 -1 -1 1 
-1 1 1 1 1 
Imbalance: 2


-1 1 1 -1 1 
-1 1 1 1 1 
-1 1 1 1 1 
Imbalance: 0


1 -1 -1 1 1 
-1 -1 1 -1 1 
1 1 1 1 -1 
Imbalance: 0


1 1 1 1 1 
1 -1 -1 1 1 
-1 -1 1 1 -1 
Imbalance: 2


-1 1 -1 1 1 
-1 1 1 -1 -1 
1 1 -1 1 1 
Imbalance: 0


-1 -1 1 1 -1 
1 1 1 -1 -1 
-1 -1 1 1 -1 
Imbalance: 0


-1 -1 -1 1 -1 
1 -1 1 1 1 
1 1 -1 -1 1 
Imbalance: 0


1 1 -1 -1 -1 
1 1 1 1 1 
-1 1 1 1 1 
Imbalance: 2


1 1 1 1 1 
-1 1 -1 -1 -1 
1 1 -1 -1 1 
Imbalance: 2


-1 1 -1 -1 1 
-1 1 1 -1 1 
1 1 -1 -1 -1 
Imbalance: 0


-1 1 1 1 -1 
-1 1 1 1 -1 
1 -1 -1 -1 -1 
Imbalance: 0


-1 1 1 1 -1 
-1 -1 1 -1 -1 
1 1 1 1 -1 
Imbalance: 0


-1 1 -1 1 -1 
-1 -1 1 -1 1 
1 1 1 1 1 
Imbalance: 2


