1 -1 1 1 
-1 1 1 -1 
1 1 1 1 
Imbalance1: 2147483647


-1 -1 -1 1 
1 -1 -1 1 
-1 -1 -1 -1 
Imbalance1: 2147483647


-1 1 -1 1 
1 1 -1 1 
1 -1 -1 1 
Imbalance1: 2147483647


-1 1 -1 1 
1 1 1 1 
-1 -1 1 1 
Imbalance1: 2147483647


-1 -1 1 -1 
-1 1 -1 -1 
-1 1 1 -1 
Imbalance1: 2147483647


1 -1 1 -1 
-1 1 -1 -1 
-1 1 1 1 
Imbalance1: 2147483647


-1 -1 -1 -1 
1 -1 1 -1 
1 -1 -1 -1 
Imbalance1: 2147483647


1 1 1 -1 
1 1 -1 1 
-1 1 1 1 
Imbalance1: 2147483647


-1 1 -1 -1 
-1 -1 1 1 
-1 -1 1 1 
Imbalance1: 2147483647


-1 1 -1 1 
1 1 -1 1 
-1 -1 1 1 
Imbalance1: 2147483647


-1 -1 1 -1 
1 -1 1 1 
1 -1 1 -1 
Imbalance1: 2147483647


1 1 1 -1 
-1 1 -1 -1 
-1 -1 -1 1 
Imbalance1: 2147483647


-1 1 1 1 
-1 -1 1 -1 
-1 -1 -1 -1 
Imbalance1: 2147483647


