B0 = 1 1 1 -1 1 -1 -1 -1 -1 1 
B1 = 1 -1 -1 -1 -1 -1 1 -1 1 -1 
B2 = 1 -1 -1 1 1 -1 1 1 1 1 
B3 = -1 -1 1 1 -1 -1 1 1 1 -1 
B4 = 1 1 1 1 1 1 1 -1 -1 1 
B5 = 1 -1 -1 -1 -1 1 1 -1 -1 1 
Imbalance = 2
Print best set S = 1 6 







B0 = 1 1 -1 1 -1 -1 1 1 -1 -1 
B1 = 1 -1 1 1 -1 -1 -1 -1 -1 1 
B2 = -1 1 -1 1 -1 -1 -1 1 -1 -1 
B3 = 1 -1 -1 -1 1 1 1 -1 1 1 
B4 = -1 1 1 1 1 1 1 1 1 -1 
B5 = 1 -1 -1 1 -1 -1 1 1 1 -1 
Imbalance = 0
Print best set S = 7 9 







B0 = -1 1 1 1 -1 -1 -1 -1 -1 -1 
B1 = 1 1 -1 1 1 1 -1 1 1 1 
B2 = 1 1 -1 -1 -1 -1 1 -1 1 1 
B3 = 1 1 1 -1 1 1 1 1 -1 -1 
B4 = 1 1 -1 -1 -1 1 1 1 -1 -1 
B5 = 1 -1 -1 1 1 1 -1 -1 -1 1 
Imbalance = 0
Print best set S = 3 6 







B0 = 1 1 1 1 1 1 -1 1 -1 1 
B1 = -1 1 -1 -1 -1 1 1 1 -1 -1 
B2 = -1 -1 -1 -1 1 1 1 -1 1 -1 
B3 = -1 -1 1 1 1 1 1 -1 1 -1 
B4 = 1 -1 -1 -1 -1 1 -1 1 -1 -1 
B5 = 1 -1 1 1 -1 -1 -1 1 1 1 
Imbalance = 0
Print best set S = 0 6 







B0 = 1 1 1 -1 -1 1 -1 1 1 1 
B1 = -1 1 1 -1 1 -1 -1 -1 -1 -1 
B2 = 1 1 -1 -1 1 -1 1 1 -1 -1 
B3 = 1 -1 -1 1 -1 1 -1 1 1 -1 
B4 = -1 -1 1 1 -1 -1 -1 1 -1 -1 
B5 = 1 1 1 -1 1 1 1 -1 -1 1 
Imbalance = 0
Print best set S = 1 3 







B0 = -1 -1 1 -1 -1 1 1 -1 -1 -1 
B1 = 1 1 -1 1 1 1 1 -1 1 1 
B2 = 1 1 -1 1 1 -1 -1 1 1 -1 
B3 = -1 1 1 -1 1 1 -1 -1 1 -1 
B4 = -1 1 1 1 -1 -1 -1 -1 1 1 
B5 = -1 -1 1 1 -1 -1 -1 1 1 -1 
Imbalance = 0
Print best set S = 0 2 







B0 = -1 -1 1 -1 1 -1 1 -1 1 1 
B1 = -1 1 1 1 1 1 -1 -1 1 -1 
B2 = -1 1 1 -1 1 -1 1 1 -1 -1 
B3 = 1 -1 -1 1 1 -1 -1 -1 -1 1 
B4 = 1 1 -1 -1 1 1 -1 -1 1 -1 
B5 = 1 1 1 -1 -1 1 -1 -1 -1 1 
Imbalance = 0
Print best set S = 4 5 7 9 







B0 = -1 1 -1 1 1 -1 1 1 -1 -1 
B1 = -1 1 -1 1 -1 1 1 -1 -1 1 
B2 = 1 -1 -1 -1 -1 1 -1 1 -1 1 
B3 = -1 -1 1 -1 1 1 -1 -1 -1 1 
B4 = -1 1 -1 1 1 -1 1 1 1 -1 
B5 = -1 -1 1 1 1 -1 1 1 -1 1 
Imbalance = 0
Print best set S = 0 3 4 5 







B0 = 1 1 1 1 -1 1 -1 -1 -1 1 
B1 = -1 -1 -1 -1 1 1 1 -1 1 -1 
B2 = -1 1 -1 1 -1 -1 -1 1 1 -1 
B3 = 1 1 1 -1 -1 -1 1 -1 1 1 
B4 = 1 -1 1 1 -1 1 -1 1 1 1 
B5 = 1 -1 -1 -1 -1 -1 -1 -1 -1 -1 
Imbalance = 2
Print best set S = 0 4 







B0 = 1 1 -1 1 1 -1 1 1 -1 1 
B1 = -1 -1 -1 -1 -1 1 1 -1 -1 -1 
B2 = 1 1 1 -1 -1 1 1 1 1 1 
B3 = 1 -1 -1 1 -1 -1 1 1 -1 -1 
B4 = -1 -1 1 1 -1 -1 -1 -1 1 -1 
B5 = -1 1 -1 -1 -1 -1 -1 1 1 -1 
Imbalance = 2
Print best set S = 3 5 







B0 = -1 1 -1 -1 -1 1 -1 -1 -1 -1 
B1 = 1 1 1 1 -1 -1 1 -1 1 1 
B2 = -1 -1 1 1 1 1 -1 -1 -1 -1 
B3 = -1 1 1 -1 1 -1 -1 1 -1 1 
B4 = 1 1 1 -1 1 1 1 1 1 -1 
B5 = -1 1 -1 1 1 -1 1 -1 -1 -1 
Imbalance = 2
Print best set S = 3 7 







B0 = 1 1 -1 1 1 -1 -1 1 -1 1 
B1 = -1 -1 1 -1 1 1 1 -1 -1 -1 
B2 = 1 1 -1 1 -1 -1 1 1 -1 1 
B3 = -1 -1 1 1 1 1 -1 -1 -1 -1 
B4 = -1 -1 -1 -1 1 -1 -1 -1 1 -1 
B5 = -1 1 -1 -1 -1 1 1 -1 -1 1 
Imbalance = 2
Print best set S = 1 2 







B0 = -1 1 -1 1 -1 -1 1 -1 -1 1 
B1 = 1 -1 -1 1 1 1 1 -1 -1 -1 
B2 = -1 1 -1 1 1 1 1 1 1 1 
B3 = -1 -1 -1 1 -1 -1 -1 1 -1 -1 
B4 = 1 -1 1 -1 1 -1 -1 1 1 1 
B5 = 1 1 1 1 -1 -1 1 -1 -1 1 
Imbalance = 2
Print best set S = 2 3 







B0 = -1 -1 1 -1 1 1 -1 -1 -1 -1 
B1 = 1 1 1 -1 -1 1 1 1 -1 1 
B2 = -1 1 -1 1 1 1 -1 1 1 -1 
B3 = -1 1 -1 1 1 1 -1 -1 -1 1 
B4 = -1 1 1 1 1 1 1 -1 -1 1 
B5 = -1 -1 -1 1 1 1 1 -1 1 -1 
Imbalance = 0
Print best set S = 0 4 







B0 = 1 -1 1 1 -1 -1 1 -1 -1 -1 
B1 = -1 -1 1 -1 1 -1 -1 1 -1 1 
B2 = -1 1 1 -1 1 1 -1 1 -1 1 
B3 = -1 -1 -1 -1 -1 -1 1 1 -1 -1 
B4 = 1 1 -1 -1 1 -1 1 -1 -1 1 
B5 = -1 1 -1 -1 1 -1 1 -1 -1 1 
Imbalance = 0
Print best set S = 3 4 6 7 







B0 = 1 -1 1 -1 -1 1 -1 -1 -1 -1 
B1 = 1 1 1 -1 1 1 -1 1 1 -1 
B2 = 1 1 -1 -1 -1 1 -1 1 1 1 
B3 = -1 -1 1 1 -1 -1 -1 -1 1 -1 
B4 = -1 1 1 1 1 1 -1 -1 1 -1 
B5 = -1 -1 -1 -1 1 -1 -1 -1 -1 1 
Imbalance = 0
Print best set S = 2 9 







B0 = -1 1 -1 1 1 -1 -1 1 -1 1 
B1 = 1 -1 1 1 -1 -1 -1 1 1 1 
B2 = -1 1 1 -1 -1 -1 1 1 1 -1 
B3 = 1 -1 1 -1 -1 1 1 -1 -1 1 
B4 = 1 -1 -1 1 1 1 -1 1 1 1 
B5 = 1 -1 1 -1 1 1 -1 1 -1 -1 
Imbalance = 0
Print best set S = 0 1 







B0 = -1 1 -1 -1 1 1 1 1 1 1 
B1 = 1 1 1 1 1 1 -1 -1 -1 1 
B2 = 1 -1 -1 1 1 1 1 -1 1 -1 
B3 = -1 -1 1 1 1 1 -1 1 1 -1 
B4 = 1 -1 1 -1 -1 1 1 1 -1 -1 
B5 = 1 1 -1 -1 -1 1 -1 -1 1 1 
Imbalance = 2
Print best set S = 0 7 







B0 = -1 -1 1 -1 1 -1 -1 1 1 -1 
B1 = -1 1 1 -1 -1 1 -1 1 -1 -1 
B2 = 1 1 -1 1 1 -1 1 -1 1 1 
B3 = -1 1 1 1 1 -1 -1 1 -1 1 
B4 = -1 -1 -1 -1 1 1 -1 1 1 1 
B5 = 1 1 -1 1 1 1 -1 1 -1 -1 
Imbalance = 0
Print best set S = 2 4 5 6 







B0 = 1 1 1 1 1 -1 1 -1 1 1 
B1 = 1 1 -1 1 -1 1 1 1 1 1 
B2 = 1 -1 -1 -1 1 1 1 -1 -1 1 
B3 = -1 -1 1 1 1 1 1 -1 -1 -1 
B4 = -1 -1 1 -1 -1 1 1 -1 1 -1 
B5 = 1 1 -1 1 1 -1 1 -1 -1 -1 
Imbalance = 2
Print best set S = 0 2 







B0 = -1 1 1 -1 1 -1 -1 1 1 -1 
B1 = 1 1 -1 1 1 1 -1 -1 -1 -1 
B2 = 1 1 -1 -1 -1 -1 -1 1 -1 1 
B3 = -1 1 -1 -1 1 -1 -1 1 -1 -1 
B4 = 1 -1 -1 1 1 -1 1 -1 1 -1 
B5 = 1 -1 -1 -1 1 1 -1 1 -1 -1 
Imbalance = 0
Print best set S = 3 7 







B0 = 1 1 1 -1 -1 -1 -1 1 -1 1 
B1 = -1 1 1 1 1 1 -1 -1 1 1 
B2 = 1 -1 -1 -1 1 1 1 -1 -1 1 
B3 = -1 1 -1 1 -1 1 1 -1 -1 -1 
B4 = 1 1 1 -1 1 -1 -1 -1 -1 1 
B5 = 1 -1 1 1 -1 -1 1 -1 -1 -1 
Imbalance = 0
Print best set S = 0 1 3 4 6 7 







B0 = 1 1 1 -1 -1 1 1 -1 1 -1 
B1 = -1 -1 -1 -1 -1 1 1 1 -1 1 
B2 = -1 1 1 -1 -1 1 1 -1 -1 1 
B3 = 1 -1 -1 -1 -1 1 1 -1 -1 1 
B4 = -1 -1 -1 -1 1 1 1 -1 1 -1 
B5 = -1 1 -1 1 -1 1 1 1 1 -1 
Imbalance = 0
Print best set S = 8 9 







B0 = -1 1 -1 -1 1 1 -1 1 -1 1 
B1 = 1 -1 -1 1 -1 1 1 1 1 -1 
B2 = 1 1 -1 1 -1 1 1 -1 -1 -1 
B3 = -1 1 -1 1 -1 1 -1 1 -1 1 
B4 = -1 -1 -1 1 1 1 -1 1 -1 1 
B5 = 1 1 1 -1 1 -1 1 -1 -1 1 
Imbalance = 0
Print best set S = 2 5 







B0 = -1 -1 1 1 1 -1 -1 -1 1 1 
B1 = -1 -1 1 -1 1 1 -1 -1 -1 1 
B2 = -1 1 -1 -1 -1 -1 1 -1 1 1 
B3 = 1 1 1 1 -1 -1 1 1 -1 1 
B4 = -1 1 -1 1 -1 -1 1 -1 1 1 
B5 = 1 -1 1 1 1 1 1 1 1 -1 
Imbalance = 0
Print best set S = 1 4 







B0 = 1 -1 -1 1 1 -1 1 -1 -1 -1 
B1 = -1 1 1 1 1 1 1 1 1 1 
B2 = 1 -1 -1 1 -1 -1 1 -1 -1 -1 
B3 = 1 1 -1 1 1 1 1 -1 1 1 
B4 = -1 -1 -1 -1 1 -1 1 1 1 -1 
B5 = -1 -1 -1 -1 -1 -1 -1 -1 -1 -1 
Imbalance = 2
Print best set S = 0 7 







B0 = -1 -1 -1 -1 -1 -1 1 -1 -1 1 
B1 = -1 -1 1 -1 -1 -1 -1 1 -1 -1 
B2 = 1 1 -1 -1 -1 1 1 1 1 -1 
B3 = 1 1 -1 1 -1 1 -1 1 -1 -1 
B4 = 1 -1 -1 1 1 -1 1 1 -1 -1 
B5 = 1 -1 -1 1 -1 1 -1 1 -1 1 
Imbalance = 2
Print best set S = 0 2 







B0 = -1 -1 1 1 1 1 -1 -1 1 -1 
B1 = -1 1 -1 1 -1 -1 1 -1 -1 -1 
B2 = -1 1 -1 1 1 1 1 1 1 -1 
B3 = 1 -1 -1 -1 1 1 1 -1 1 1 
B4 = -1 -1 -1 1 1 1 -1 1 1 -1 
B5 = -1 1 1 -1 1 1 1 1 -1 1 
Imbalance = 0
Print best set S = 3 9 







B0 = 1 1 -1 -1 -1 1 -1 1 -1 1 
B1 = -1 1 -1 1 1 1 -1 1 1 -1 
B2 = 1 1 -1 -1 -1 1 -1 1 -1 1 
B3 = 1 -1 1 -1 1 1 1 1 1 1 
B4 = -1 -1 -1 1 -1 -1 1 -1 1 1 
B5 = 1 1 -1 1 -1 -1 1 -1 -1 1 
Imbalance = 2
Print best set S = 1 2 







B0 = -1 1 1 1 1 -1 1 1 -1 1 
B1 = 1 -1 1 -1 1 1 -1 -1 -1 -1 
B2 = 1 1 -1 1 1 1 -1 -1 1 1 
B3 = -1 1 1 -1 -1 1 -1 -1 -1 -1 
B4 = -1 -1 -1 -1 -1 -1 -1 -1 1 -1 
B5 = 1 -1 -1 1 -1 1 1 1 -1 1 
Imbalance = 2
Print best set S = 2 8 







B0 = -1 -1 1 -1 1 1 -1 -1 -1 1 
B1 = -1 1 1 -1 -1 -1 -1 -1 -1 1 
B2 = 1 -1 1 -1 1 -1 -1 -1 1 -1 
B3 = -1 1 1 1 -1 1 1 1 1 -1 
B4 = -1 1 1 -1 -1 -1 -1 1 -1 1 
B5 = -1 -1 -1 1 1 1 1 1 -1 -1 
Imbalance = 0
Print best set S = 1 4 







B0 = -1 -1 -1 -1 -1 1 -1 1 1 -1 
B1 = -1 1 1 -1 1 -1 1 -1 1 1 
B2 = -1 1 -1 1 -1 1 -1 1 -1 -1 
B3 = -1 -1 1 1 1 1 1 -1 -1 1 
B4 = 1 -1 -1 -1 -1 1 -1 -1 -1 1 
B5 = -1 1 -1 -1 1 1 -1 1 1 -1 
Imbalance = 0
Print best set S = 7 9 







B0 = 1 1 1 1 -1 1 1 -1 1 -1 
B1 = 1 -1 1 1 -1 1 -1 -1 -1 -1 
B2 = -1 1 -1 -1 1 1 1 -1 1 1 
B3 = 1 -1 1 -1 1 1 1 1 1 -1 
B4 = -1 -1 -1 1 1 -1 -1 -1 1 1 
B5 = 1 1 1 1 -1 1 1 -1 -1 1 
Imbalance = 2
Print best set S = 0 4 







B0 = 1 -1 1 -1 -1 -1 -1 -1 1 -1 
B1 = -1 1 -1 -1 -1 -1 1 -1 1 1 
B2 = 1 1 -1 -1 -1 -1 1 1 -1 -1 
B3 = 1 -1 1 -1 -1 1 -1 -1 1 -1 
B4 = -1 1 -1 -1 1 1 1 1 1 1 
B5 = -1 1 1 1 1 1 1 -1 -1 1 
Imbalance = 0
Print best set S = 0 1 3 8 







B0 = -1 1 1 1 -1 -1 1 1 -1 -1 
B1 = -1 -1 1 1 -1 1 1 -1 1 1 
B2 = -1 -1 1 -1 -1 1 1 -1 1 1 
B3 = -1 -1 -1 1 -1 1 1 -1 -1 -1 
B4 = -1 -1 1 -1 -1 1 -1 -1 -1 1 
B5 = -1 1 -1 -1 1 1 1 1 1 -1 
Imbalance = 2
Print best set S = 2 4 







B0 = 1 -1 -1 1 -1 1 -1 1 -1 1 
B1 = 1 -1 1 -1 1 -1 1 1 1 -1 
B2 = -1 -1 1 -1 1 -1 -1 -1 -1 1 
B3 = 1 1 1 1 1 -1 1 1 -1 -1 
B4 = -1 1 -1 -1 -1 1 1 1 1 -1 
B5 = -1 -1 1 -1 1 -1 1 -1 1 1 
Imbalance = 0
Print best set S = 2 5 







B0 = -1 1 -1 1 1 -1 -1 1 -1 -1 
B1 = -1 1 -1 -1 1 -1 1 -1 1 1 
B2 = 1 -1 1 1 -1 -1 -1 1 1 -1 
B3 = 1 1 1 1 1 1 1 -1 -1 1 
B4 = -1 1 1 1 1 1 -1 -1 -1 -1 
B5 = -1 -1 -1 -1 1 -1 1 -1 1 -1 
Imbalance = 0
Print best set S = 4 5 7 8 







B0 = 1 1 -1 1 1 1 1 -1 1 1 
B1 = 1 -1 1 -1 1 -1 1 1 -1 -1 
B2 = 1 1 1 -1 -1 -1 -1 1 1 1 
B3 = 1 -1 1 1 1 1 -1 -1 1 -1 
B4 = -1 -1 -1 -1 1 1 1 1 1 -1 
B5 = 1 1 1 1 -1 1 -1 -1 1 -1 
Imbalance = 0
Print best set S = 3 7 







B0 = 1 1 1 1 1 -1 1 -1 -1 -1 
B1 = -1 -1 1 1 1 1 1 1 -1 1 
B2 = -1 1 1 -1 -1 -1 1 -1 -1 1 
B3 = -1 -1 -1 1 1 -1 -1 -1 1 1 
B4 = 1 1 1 -1 -1 1 1 -1 1 -1 
B5 = -1 1 1 -1 1 -1 -1 1 1 -1 
Imbalance = 2
Print best set S = 1 3 







B0 = -1 -1 -1 1 -1 1 -1 -1 1 -1 
B1 = -1 -1 -1 1 -1 -1 1 -1 -1 -1 
B2 = 1 1 -1 -1 1 -1 -1 1 1 -1 
B3 = 1 1 1 1 1 1 -1 1 -1 1 
B4 = 1 -1 1 1 -1 -1 -1 1 1 1 
B5 = 1 1 1 -1 1 -1 1 -1 -1 1 
Imbalance = 0
Print best set S = 1 3 6 8 







B0 = -1 -1 1 -1 1 -1 -1 -1 1 -1 
B1 = -1 1 -1 -1 1 -1 1 -1 1 1 
B2 = 1 1 -1 1 1 1 1 1 -1 -1 
B3 = -1 -1 1 -1 1 -1 -1 1 -1 -1 
B4 = -1 1 -1 -1 -1 1 1 -1 -1 1 
B5 = 1 -1 -1 1 1 1 -1 1 -1 -1 
Imbalance = 0
Print best set S = 2 4 5 9 







B0 = 1 -1 1 1 1 -1 -1 1 1 1 
B1 = -1 1 1 -1 1 -1 -1 -1 1 -1 
B2 = -1 1 1 -1 -1 1 -1 -1 1 1 
B3 = -1 -1 -1 1 -1 -1 -1 1 -1 1 
B4 = -1 1 1 1 -1 -1 1 1 1 -1 
B5 = -1 -1 -1 1 -1 1 -1 1 1 1 
Imbalance = 2
Print best set S = 1 3 







B0 = 1 -1 1 1 1 -1 -1 -1 1 -1 
B1 = 1 -1 1 -1 -1 -1 1 -1 1 1 
B2 = 1 1 -1 -1 -1 1 -1 1 1 1 
B3 = -1 -1 1 1 -1 -1 -1 -1 -1 -1 
B4 = 1 -1 1 1 1 1 -1 1 1 1 
B5 = -1 1 1 -1 1 1 1 1 -1 -1 
Imbalance = 2
Print best set S = 1 2 







B0 = 1 1 -1 1 1 1 -1 -1 -1 -1 
B1 = -1 -1 -1 1 -1 1 -1 -1 -1 -1 
B2 = -1 -1 1 1 1 -1 -1 -1 1 -1 
B3 = 1 1 -1 1 -1 -1 -1 1 -1 -1 
B4 = -1 -1 -1 1 1 1 -1 -1 1 -1 
B5 = 1 -1 -1 -1 -1 -1 -1 1 -1 -1 
Imbalance = 2
Print best set S = 3 6 







B0 = 1 -1 1 -1 -1 -1 -1 -1 -1 1 
B1 = -1 1 -1 -1 -1 1 -1 -1 -1 1 
B2 = 1 -1 1 1 -1 -1 1 -1 1 -1 
B3 = -1 -1 -1 1 1 -1 -1 -1 -1 -1 
B4 = 1 -1 1 -1 -1 1 -1 1 -1 -1 
B5 = -1 1 1 -1 -1 1 1 -1 -1 -1 
Imbalance = 2
Print best set S = 0 1 







B0 = 1 -1 -1 -1 -1 -1 -1 -1 -1 -1 
B1 = 1 -1 1 1 1 1 -1 1 1 1 
B2 = -1 -1 1 -1 1 -1 1 1 1 1 
B3 = 1 1 -1 -1 1 -1 1 -1 1 -1 
B4 = 1 1 -1 1 1 1 1 -1 1 1 
B5 = -1 -1 -1 -1 1 1 -1 -1 1 1 
Imbalance = 4
Print best set S = 0 2 







B0 = 1 -1 -1 -1 1 -1 1 -1 -1 1 
B1 = 1 1 1 1 -1 1 1 -1 -1 1 
B2 = 1 -1 1 -1 1 1 -1 1 1 1 
B3 = -1 1 1 1 1 1 -1 1 1 -1 
B4 = 1 -1 1 1 -1 -1 -1 1 -1 1 
B5 = 1 -1 1 -1 1 -1 1 1 -1 -1 
Imbalance = 2
Print best set S = 0 1 







B0 = 1 1 -1 1 1 -1 -1 -1 -1 1 
B1 = -1 1 -1 1 1 -1 1 1 -1 1 
B2 = 1 1 -1 1 -1 1 -1 -1 1 1 
B3 = -1 1 -1 1 1 1 1 -1 1 1 
B4 = 1 -1 1 1 -1 -1 1 -1 -1 -1 
B5 = -1 -1 1 -1 1 1 1 1 -1 -1 
Imbalance = 0
Print best set S = 1 2 







B0 = -1 -1 -1 1 1 1 1 -1 1 1 
B1 = -1 -1 -1 -1 -1 -1 1 -1 1 1 
B2 = 1 1 -1 1 1 1 1 -1 -1 -1 
B3 = -1 -1 -1 -1 -1 1 1 -1 1 -1 
B4 = 1 -1 1 1 -1 -1 -1 -1 1 1 
B5 = -1 -1 -1 -1 -1 -1 1 1 -1 1 
Imbalance = 0
Print best set S = 2 6 







B0 = -1 -1 1 -1 -1 1 1 -1 -1 1 
B1 = -1 -1 1 -1 -1 -1 1 1 1 1 
B2 = 1 -1 -1 1 -1 1 1 -1 1 -1 
B3 = -1 1 1 1 -1 1 -1 -1 -1 1 
B4 = 1 1 -1 1 -1 -1 -1 -1 -1 -1 
B5 = -1 1 1 -1 1 -1 -1 1 -1 -1 
Imbalance = 0
Print best set S = 0 2 







B0 = 1 -1 1 1 1 -1 1 1 1 1 
B1 = -1 -1 -1 1 -1 1 1 -1 -1 1 
B2 = 1 1 1 1 1 1 1 -1 1 1 
B3 = -1 1 1 -1 -1 -1 -1 -1 1 1 
B4 = 1 -1 -1 1 1 1 1 1 -1 -1 
B5 = 1 1 -1 -1 1 1 -1 -1 1 1 
Imbalance = 2
Print best set S = 1 3 







B0 = 1 1 -1 -1 -1 -1 -1 -1 1 -1 
B1 = -1 -1 -1 -1 1 -1 1 -1 1 1 
B2 = -1 -1 -1 1 1 1 -1 -1 -1 1 
B3 = 1 1 1 1 -1 1 -1 -1 -1 1 
B4 = -1 -1 -1 -1 1 -1 -1 1 -1 -1 
B5 = 1 -1 1 1 1 -1 -1 1 1 1 
Imbalance = 0
Print best set S = 1 4 







B0 = 1 1 1 -1 1 -1 -1 1 1 1 
B1 = 1 -1 -1 1 1 -1 -1 1 -1 1 
B2 = 1 1 -1 1 1 -1 1 -1 1 1 
B3 = 1 1 -1 1 1 1 1 1 -1 1 
B4 = 1 1 1 -1 -1 -1 1 -1 -1 -1 
B5 = -1 -1 -1 -1 1 1 1 1 1 1 
Imbalance = 2
Print best set S = 2 3 







B0 = -1 1 -1 1 1 1 1 -1 1 1 
B1 = -1 -1 1 1 1 -1 1 1 -1 -1 
B2 = -1 1 1 1 1 -1 -1 -1 1 -1 
B3 = 1 -1 1 -1 1 1 1 1 -1 -1 
B4 = -1 1 1 -1 1 1 -1 -1 -1 -1 
B5 = -1 1 1 1 1 -1 1 1 1 1 
Imbalance = 2
Print best set S = 0 1 







B0 = -1 1 1 -1 -1 -1 1 -1 1 -1 
B1 = -1 -1 1 -1 -1 1 1 -1 1 -1 
B2 = -1 1 1 -1 -1 -1 -1 -1 -1 1 
B3 = -1 1 1 1 1 1 -1 -1 1 1 
B4 = 1 1 -1 -1 1 -1 1 -1 1 1 
B5 = -1 1 1 1 1 1 -1 1 1 -1 
Imbalance = 0
Print best set S = 0 2 







B0 = -1 -1 1 -1 -1 1 1 -1 -1 -1 
B1 = -1 1 -1 1 1 -1 1 -1 -1 -1 
B2 = 1 1 -1 1 1 -1 1 -1 -1 1 
B3 = 1 1 1 -1 -1 -1 -1 -1 -1 1 
B4 = 1 1 -1 1 1 -1 -1 -1 1 1 
B5 = 1 -1 -1 1 -1 1 -1 1 1 -1 
Imbalance = 0
Print best set S = 2 3 







B0 = -1 -1 -1 1 -1 1 1 -1 1 -1 
B1 = -1 -1 -1 -1 -1 1 -1 -1 -1 1 
B2 = 1 -1 -1 -1 -1 -1 1 1 1 1 
B3 = 1 1 1 1 -1 -1 -1 1 -1 1 
B4 = -1 1 -1 -1 1 -1 1 -1 -1 -1 
B5 = 1 1 -1 -1 1 -1 1 1 -1 1 
Imbalance = 2
Print best set S = 0 5 







B0 = 1 1 -1 1 1 -1 1 -1 -1 -1 
B1 = -1 -1 1 -1 -1 1 -1 1 1 -1 
B2 = -1 -1 -1 -1 1 -1 1 1 -1 -1 
B3 = -1 1 1 -1 -1 -1 -1 -1 -1 1 
B4 = 1 -1 1 1 -1 1 -1 1 1 -1 
B5 = 1 -1 -1 1 1 -1 1 -1 -1 1 
Imbalance = 0
Print best set S = 2 4 







B0 = -1 -1 -1 1 1 1 1 1 1 -1 
B1 = 1 1 -1 -1 1 -1 1 1 1 1 
B2 = -1 1 -1 1 1 1 1 -1 1 1 
B3 = 1 1 1 -1 1 -1 1 1 1 -1 
B4 = 1 -1 -1 1 -1 1 -1 -1 1 1 
B5 = 1 1 -1 -1 -1 -1 -1 1 -1 -1 
Imbalance = 2
Print best set S = 0 3 







B0 = -1 1 -1 1 1 1 -1 1 1 -1 
B1 = -1 -1 1 -1 -1 1 1 -1 1 -1 
B2 = 1 -1 -1 -1 1 -1 -1 1 1 1 
B3 = 1 -1 -1 -1 1 1 -1 -1 1 1 
B4 = -1 -1 1 -1 1 1 1 1 -1 1 
B5 = -1 -1 -1 1 -1 1 1 -1 1 -1 
Imbalance = 0
Print best set S = 0 2 3 4 6 8 







B0 = -1 1 1 -1 1 1 -1 1 1 -1 
B1 = -1 -1 -1 1 -1 1 1 -1 1 1 
B2 = 1 -1 -1 -1 -1 -1 -1 -1 1 -1 
B3 = -1 1 1 1 -1 1 -1 -1 -1 1 
B4 = -1 -1 1 -1 -1 1 1 1 1 -1 
B5 = -1 -1 -1 1 1 -1 1 1 1 1 
Imbalance = 0
Print best set S = 0 2 3 8 







B0 = 1 1 -1 1 1 -1 -1 -1 -1 1 
B1 = -1 -1 -1 -1 1 1 -1 -1 -1 1 
B2 = 1 -1 -1 -1 1 -1 1 1 -1 -1 
B3 = -1 1 1 1 -1 -1 -1 1 1 -1 
B4 = 1 1 -1 1 1 -1 1 1 1 1 
B5 = -1 1 1 1 -1 -1 1 1 1 -1 
Imbalance = 0
Print best set S = 2 4 







B0 = -1 -1 1 1 1 -1 1 -1 1 1 
B1 = 1 1 -1 1 1 1 1 -1 -1 -1 
B2 = 1 1 -1 1 1 1 1 -1 1 -1 
B3 = -1 -1 1 1 -1 -1 -1 -1 1 1 
B4 = 1 -1 1 -1 -1 -1 1 1 -1 1 
B5 = -1 1 1 1 -1 1 -1 -1 1 -1 
Imbalance = 0
Print best set S = 3 7 







B0 = -1 1 -1 1 1 1 -1 1 -1 1 
B1 = -1 1 -1 1 1 -1 1 -1 1 1 
B2 = -1 1 1 1 1 1 1 -1 -1 1 
B3 = 1 -1 -1 -1 -1 -1 1 -1 -1 1 
B4 = 1 1 1 -1 -1 1 -1 1 1 1 
B5 = 1 -1 1 -1 1 -1 1 1 1 1 
Imbalance = 0
Print best set S = 0 3 







B0 = -1 -1 -1 -1 -1 -1 1 -1 -1 -1 
B1 = -1 -1 -1 1 -1 1 -1 1 1 -1 
B2 = 1 1 -1 1 1 -1 -1 1 -1 -1 
B3 = 1 1 -1 -1 -1 -1 1 1 -1 1 
B4 = -1 1 -1 1 -1 1 1 -1 1 1 
B5 = 1 1 1 -1 1 1 1 1 -1 1 
Imbalance = 2
Print best set S = 3 6 







B0 = 1 -1 1 -1 -1 1 -1 1 -1 -1 
B1 = 1 1 -1 1 -1 1 1 1 -1 -1 
B2 = -1 1 -1 1 -1 1 1 -1 1 -1 
B3 = -1 -1 -1 1 1 1 1 -1 1 -1 
B4 = -1 -1 1 -1 -1 1 -1 -1 -1 1 
B5 = 1 -1 -1 -1 1 1 1 -1 1 1 
Imbalance = 0
Print best set S = 1 2 4 5 







B0 = -1 -1 1 -1 -1 -1 1 -1 1 1 
B1 = 1 -1 1 1 -1 1 -1 -1 1 -1 
B2 = 1 -1 -1 1 1 -1 1 -1 1 1 
B3 = -1 -1 1 -1 -1 -1 -1 -1 -1 1 
B4 = 1 1 -1 1 -1 -1 -1 1 1 -1 
B5 = 1 1 -1 1 1 -1 -1 1 1 1 
Imbalance = 2
Print best set S = 0 2 