n = 12   m = 34   k = 23


1 1 -1 1 -1 -1 1 1 -1 1 -1 -1 
1 1 1 1 -1 -1 -1 1 1 -1 1 1 
-1 1 1 1 1 1 1 -1 1 -1 -1 1 
1 1 -1 -1 -1 -1 1 -1 1 -1 1 1 
-1 1 1 1 1 -1 -1 -1 -1 1 -1 1 
1 1 1 -1 1 1 -1 1 -1 -1 -1 -1 
1 1 1 1 1 1 1 1 1 1 1 1 
-1 -1 1 1 1 -1 -1 -1 -1 -1 1 -1 
-1 -1 -1 1 -1 -1 -1 1 -1 1 -1 -1 
1 1 -1 1 -1 1 1 -1 1 -1 -1 -1 
-1 -1 -1 -1 -1 1 -1 -1 1 1 -1 -1 
-1 1 1 1 1 -1 1 1 -1 1 1 -1 
-1 1 -1 -1 -1 1 1 1 -1 -1 1 -1 
-1 -1 -1 -1 1 1 -1 1 1 1 -1 1 
-1 -1 -1 1 -1 -1 1 1 -1 1 -1 -1 
-1 1 -1 -1 -1 1 1 -1 1 -1 1 -1 
1 -1 1 1 1 1 -1 1 -1 -1 1 1 
-1 1 1 -1 1 -1 -1 1 -1 1 -1 -1 
1 -1 1 1 1 -1 -1 1 1 1 1 1 
1 -1 -1 1 1 -1 -1 1 -1 -1 1 -1 
1 -1 -1 1 -1 -1 1 -1 -1 1 1 -1 
1 -1 -1 -1 -1 -1 1 1 -1 1 1 -1 
-1 -1 1 -1 1 1 -1 -1 1 -1 -1 -1 
-1 1 -1 -1 1 1 1 1 1 1 1 1 
-1 -1 -1 1 -1 -1 -1 1 -1 -1 -1 1 
1 1 1 -1 -1 1 -1 -1 1 1 1 -1 
1 -1 1 -1 -1 -1 1 -1 1 -1 -1 -1 
1 1 1 -1 1 1 -1 -1 -1 1 1 -1 
-1 -1 1 1 1 -1 1 1 1 -1 1 -1 
-1 -1 -1 1 -1 -1 1 -1 -1 -1 -1 1 
1 1 1 1 1 1 1 -1 1 1 1 1 
1 -1 1 1 -1 1 1 -1 1 1 -1 -1 
1 1 -1 -1 1 1 1 -1 -1 -1 -1 -1 
-1 1 -1 1 -1 1 1 -1 1 -1 -1 1 
BrutForce Method: Imbalance = 22 --------- S = 4 6 



-1 1 1 1 -1 1 1 1 -1 1 1 1 
-1 1 1 -1 1 -1 -1 -1 1 -1 1 -1 
1 -1 -1 1 1 1 -1 1 1 1 -1 1 
1 -1 -1 -1 1 -1 1 1 -1 1 1 1 
-1 1 -1 1 -1 1 1 -1 -1 1 -1 -1 
1 -1 1 1 -1 -1 1 1 -1 1 1 1 
-1 -1 -1 -1 -1 1 1 -1 -1 1 -1 -1 
-1 1 -1 -1 1 -1 1 1 1 1 -1 -1 
-1 1 -1 -1 1 -1 -1 -1 -1 1 -1 -1 
1 1 -1 -1 -1 1 1 1 1 1 -1 1 
-1 -1 -1 1 1 -1 1 1 -1 -1 -1 1 
1 1 1 -1 -1 1 -1 -1 1 -1 1 1 
1 1 -1 -1 -1 -1 -1 1 1 1 -1 1 
1 1 1 -1 -1 1 1 1 -1 -1 1 -1 
-1 -1 -1 1 1 1 1 1 -1 1 1 -1 
1 1 1 -1 -1 1 1 -1 -1 -1 -1 -1 
1 -1 -1 1 1 1 1 -1 -1 -1 -1 -1 
-1 -1 -1 1 1 1 -1 1 1 1 -1 1 
1 -1 1 -1 -1 1 -1 1 -1 1 -1 1 
-1 1 1 -1 -1 -1 1 -1 -1 1 -1 -1 
-1 -1 1 1 1 1 -1 1 -1 -1 -1 -1 
1 -1 1 -1 -1 1 -1 -1 1 -1 1 1 
1 1 1 -1 -1 1 1 1 1 1 -1 1 
-1 1 1 1 1 -1 1 -1 1 -1 -1 1 
1 -1 -1 -1 1 -1 -1 -1 -1 -1 1 -1 
1 -1 -1 -1 -1 -1 1 1 1 1 -1 -1 
1 -1 -1 -1 1 -1 1 1 -1 -1 1 -1 
-1 -1 1 -1 1 1 1 -1 -1 1 1 -1 
-1 -1 1 -1 1 -1 1 -1 -1 1 -1 -1 
1 1 1 1 -1 -1 1 1 -1 -1 1 -1 
1 -1 -1 1 1 -1 1 -1 -1 1 1 1 
1 -1 -1 -1 -1 -1 1 1 -1 -1 -1 1 
-1 -1 -1 1 1 1 1 -1 -1 -1 -1 -1 
-1 -1 -1 -1 -1 -1 1 -1 1 -1 -1 1 
BrutForce Method: Imbalance = 20 --------- S = 7 9 



-1 -1 1 -1 1 -1 1 1 1 -1 1 1 
1 -1 -1 -1 -1 -1 -1 1 -1 1 -1 -1 
1 -1 1 1 -1 -1 -1 -1 -1 -1 -1 1 
1 1 1 -1 1 1 1 1 -1 1 1 1 
1 1 1 1 1 1 -1 1 -1 1 -1 -1 
1 1 -1 1 1 1 -1 -1 -1 -1 -1 -1 
-1 -1 -1 1 -1 1 -1 -1 -1 -1 -1 1 
1 1 -1 1 1 -1 -1 -1 1 1 1 1 
-1 -1 -1 -1 -1 -1 1 -1 1 -1 -1 -1 
1 -1 -1 1 -1 -1 -1 -1 -1 1 1 1 
1 -1 1 1 1 1 -1 1 1 1 -1 -1 
1 1 1 1 -1 1 1 -1 -1 -1 1 1 
1 1 -1 1 -1 1 1 -1 1 1 -1 1 
-1 1 -1 -1 1 -1 -1 1 -1 -1 1 1 
-1 1 -1 1 1 -1 -1 1 -1 1 -1 -1 
-1 1 1 -1 1 -1 -1 1 -1 1 1 -1 
-1 -1 -1 -1 -1 -1 1 -1 1 1 1 1 
-1 -1 -1 1 -1 1 -1 1 1 1 1 1 
-1 -1 -1 -1 1 -1 1 1 1 -1 -1 -1 
-1 1 -1 -1 -1 -1 1 1 -1 1 1 -1 
-1 1 -1 -1 1 1 -1 -1 -1 1 1 1 
-1 -1 1 1 -1 -1 1 1 1 1 -1 1 
1 -1 -1 1 -1 -1 -1 -1 1 1 1 1 
1 1 -1 -1 1 -1 -1 1 -1 1 -1 -1 
-1 1 -1 1 -1 -1 -1 1 -1 1 -1 1 
1 -1 1 1 -1 -1 1 -1 1 1 1 1 
1 1 -1 -1 1 1 1 -1 -1 1 1 -1 
1 -1 -1 1 1 -1 -1 1 1 -1 -1 1 
-1 1 -1 -1 -1 -1 -1 -1 1 1 -1 1 
-1 1 -1 -1 1 -1 1 1 -1 1 -1 -1 
1 -1 1 -1 1 1 -1 1 -1 -1 1 1 
1 -1 1 1 -1 1 1 -1 1 1 -1 -1 
1 -1 -1 -1 -1 1 1 1 -1 1 1 1 
-1 -1 -1 1 1 -1 1 1 -1 -1 1 1 
BrutForce Method: Imbalance = 20 --------- S = 2 9 



-1 1 -1 1 -1 -1 -1 1 -1 -1 1 1 
-1 1 1 -1 -1 -1 1 -1 1 -1 -1 1 
1 1 1 1 1 1 1 -1 1 -1 -1 1 
1 1 1 -1 1 -1 -1 1 1 1 1 1 
-1 -1 -1 -1 -1 -1 1 1 1 1 -1 -1 
1 -1 -1 -1 1 1 -1 1 1 1 -1 -1 
-1 1 1 -1 1 1 -1 1 -1 -1 -1 1 
-1 -1 1 1 -1 1 1 -1 1 -1 1 -1 
-1 -1 -1 1 -1 -1 -1 1 1 -1 1 -1 
1 1 1 -1 -1 1 1 -1 -1 1 1 1 
-1 1 1 -1 -1 1 1 1 1 -1 -1 -1 
1 1 1 1 -1 1 -1 1 -1 1 1 1 
-1 -1 -1 1 1 -1 -1 1 1 1 -1 1 
-1 1 1 -1 -1 1 1 -1 -1 1 -1 1 
-1 1 -1 -1 -1 -1 1 -1 1 1 1 1 
1 -1 1 1 1 -1 1 -1 -1 -1 1 -1 
1 -1 -1 -1 -1 1 -1 1 -1 1 -1 -1 
1 -1 1 1 -1 1 1 -1 -1 1 -1 1 
1 -1 -1 -1 1 1 1 -1 -1 1 1 1 
1 1 1 -1 -1 -1 -1 -1 1 1 -1 -1 
1 -1 -1 1 1 1 1 -1 1 -1 1 1 
1 1 -1 -1 1 1 1 -1 1 1 1 1 
-1 1 1 -1 -1 -1 1 1 1 1 -1 -1 
-1 1 1 -1 1 1 -1 1 -1 1 1 -1 
-1 1 1 1 1 1 -1 1 1 -1 -1 -1 
1 1 -1 1 -1 1 -1 -1 1 -1 1 1 
-1 1 1 -1 -1 1 1 1 -1 -1 -1 -1 
1 1 -1 1 -1 1 1 1 -1 1 -1 -1 
-1 -1 -1 1 1 1 1 -1 -1 1 1 -1 
-1 1 1 -1 1 1 1 1 -1 1 -1 -1 
-1 -1 1 1 -1 -1 1 1 -1 -1 -1 1 
-1 1 -1 1 -1 1 1 -1 -1 1 -1 1 
-1 1 -1 -1 1 -1 1 -1 -1 1 1 1 
-1 -1 -1 -1 1 1 -1 1 -1 1 1 -1 
BrutForce Method: Imbalance = 18 --------- S = 7 8 



1 1 -1 1 -1 -1 -1 -1 1 1 -1 1 
-1 -1 1 1 -1 1 1 1 1 -1 -1 1 
-1 1 -1 -1 1 -1 1 1 1 1 1 -1 
1 -1 -1 -1 -1 -1 -1 1 -1 1 -1 1 
1 -1 1 1 1 -1 1 -1 1 1 1 -1 
-1 1 -1 1 -1 -1 1 -1 -1 1 1 -1 
1 1 -1 -1 1 -1 1 -1 -1 1 -1 1 
-1 -1 -1 1 -1 -1 1 -1 1 1 1 -1 
-1 1 1 -1 1 1 1 -1 -1 1 1 1 
1 -1 -1 1 1 -1 1 -1 -1 -1 1 -1 
-1 -1 1 1 1 1 1 1 1 -1 1 1 
-1 1 1 -1 -1 1 -1 1 -1 -1 1 -1 
-1 -1 -1 1 1 1 1 -1 1 -1 -1 -1 
-1 1 -1 -1 1 1 1 -1 -1 1 1 1 
1 1 -1 -1 -1 1 -1 1 -1 -1 -1 -1 
1 -1 1 1 -1 -1 -1 -1 1 1 1 -1 
-1 1 1 -1 -1 1 -1 -1 -1 1 -1 1 
1 1 1 -1 1 1 1 1 1 -1 1 1 
-1 1 1 1 -1 -1 -1 1 -1 -1 -1 1 
1 1 -1 1 -1 1 1 -1 1 1 1 1 
-1 -1 -1 -1 1 -1 -1 1 -1 1 1 1 
-1 1 -1 -1 -1 -1 -1 -1 -1 -1 -1 1 
1 1 -1 -1 1 -1 -1 -1 -1 -1 1 1 
1 -1 -1 -1 1 -1 1 1 -1 1 -1 -1 
1 -1 -1 1 1 1 -1 1 -1 1 -1 1 
1 -1 -1 -1 1 -1 1 1 1 1 -1 -1 
1 1 1 1 1 -1 1 -1 1 -1 1 1 
-1 1 1 1 -1 1 -1 -1 1 1 1 1 
1 -1 1 1 1 1 1 -1 1 1 1 1 
-1 -1 1 -1 -1 -1 -1 1 1 -1 1 1 
1 1 1 1 -1 -1 -1 1 1 -1 -1 -1 
1 1 1 -1 -1 -1 -1 1 -1 -1 1 1 
-1 1 -1 -1 -1 1 1 -1 1 -1 -1 -1 
-1 -1 1 1 -1 1 -1 1 -1 1 -1 -1 
BrutForce Method: Imbalance = 24 --------- S = 2 4 



-1 -1 1 1 -1 1 1 1 1 1 -1 1 
1 1 -1 1 1 -1 1 1 -1 -1 1 -1 
1 -1 1 1 1 -1 -1 -1 -1 -1 -1 1 
1 1 1 1 1 -1 1 -1 1 1 -1 -1 
-1 1 -1 -1 -1 -1 -1 1 1 -1 -1 -1 
1 -1 1 1 -1 -1 1 1 1 1 -1 1 
-1 1 1 -1 1 -1 -1 -1 1 -1 1 1 
1 -1 1 1 1 1 -1 1 1 1 -1 -1 
1 -1 -1 -1 -1 1 1 -1 1 -1 1 -1 
1 1 1 1 -1 -1 -1 1 1 1 1 1 
-1 -1 1 -1 1 -1 1 1 -1 -1 -1 -1 
-1 -1 1 -1 -1 -1 1 -1 -1 -1 1 -1 
-1 -1 -1 1 1 -1 1 1 1 -1 1 -1 
-1 1 1 -1 1 1 1 1 -1 -1 -1 1 
-1 1 -1 1 -1 -1 -1 -1 -1 -1 -1 -1 
1 -1 1 1 1 1 1 -1 -1 1 -1 -1 
1 -1 1 1 -1 1 1 1 -1 1 1 -1 
-1 -1 1 1 1 1 1 -1 -1 -1 -1 -1 
-1 1 1 -1 1 -1 -1 -1 1 -1 -1 -1 
-1 -1 1 -1 -1 1 -1 1 1 -1 -1 -1 
1 -1 -1 -1 1 -1 -1 1 1 -1 -1 1 
1 -1 -1 -1 1 -1 -1 1 -1 -1 -1 -1 
1 1 1 1 1 1 1 1 -1 -1 -1 -1 
1 1 1 -1 -1 1 1 -1 1 -1 -1 -1 
-1 1 -1 1 -1 -1 1 1 -1 1 1 -1 
1 -1 1 1 1 -1 -1 -1 1 1 1 -1 
1 1 -1 1 1 -1 -1 -1 -1 -1 -1 1 
-1 1 -1 1 -1 -1 -1 1 -1 -1 -1 1 
1 -1 1 -1 1 -1 1 1 -1 -1 -1 1 
1 -1 1 -1 1 1 -1 1 -1 -1 -1 -1 
-1 -1 -1 -1 -1 1 1 -1 -1 -1 1 1 
1 -1 -1 1 1 -1 -1 -1 -1 1 -1 -1 
1 -1 1 1 1 1 -1 1 -1 1 1 -1 
1 -1 1 1 -1 -1 1 -1 -1 1 -1 -1 
BrutForce Method: Imbalance = 26 --------- S = 1 2 



1 -1 1 -1 1 -1 1 1 -1 1 1 -1 
1 -1 1 1 1 -1 1 1 1 -1 -1 -1 
-1 1 -1 -1 -1 1 1 -1 -1 -1 -1 1 
1 1 -1 1 -1 1 1 -1 1 -1 -1 -1 
-1 -1 -1 1 -1 -1 -1 1 1 -1 -1 1 
-1 1 1 1 -1 -1 -1 -1 -1 -1 -1 1 
-1 -1 1 1 1 1 -1 -1 1 1 -1 1 
1 1 1 1 -1 1 1 1 1 -1 1 -1 
-1 1 1 1 1 -1 -1 1 -1 -1 -1 1 
1 1 1 -1 -1 1 1 1 -1 -1 1 -1 
-1 1 1 -1 1 1 1 1 -1 -1 1 -1 
1 -1 -1 -1 -1 -1 1 -1 1 1 1 -1 
1 -1 -1 1 -1 1 1 1 -1 -1 1 -1 
-1 1 -1 1 -1 1 1 1 -1 -1 -1 1 
1 -1 1 -1 1 1 1 -1 -1 -1 1 -1 
1 -1 1 -1 -1 1 1 -1 1 1 -1 1 
-1 1 -1 -1 1 1 1 -1 -1 -1 -1 -1 
1 -1 -1 -1 1 -1 -1 -1 -1 -1 -1 1 
-1 1 1 -1 1 1 1 -1 1 1 1 -1 
-1 1 1 -1 1 1 -1 -1 -1 -1 -1 1 
-1 -1 -1 -1 -1 -1 1 -1 -1 1 -1 -1 
1 1 1 1 -1 -1 1 1 1 -1 1 1 
1 -1 1 1 1 -1 1 1 1 -1 1 -1 
-1 1 1 1 1 -1 1 1 1 -1 -1 1 
-1 -1 -1 1 1 1 -1 -1 1 -1 -1 1 
-1 1 1 1 -1 -1 -1 1 1 -1 1 -1 
-1 -1 1 1 1 -1 1 -1 1 1 -1 -1 
-1 -1 -1 -1 1 -1 -1 -1 1 -1 1 -1 
-1 -1 1 1 -1 -1 -1 1 1 1 1 1 
-1 1 1 1 -1 1 1 -1 1 1 1 -1 
-1 -1 1 1 1 -1 -1 -1 1 1 1 -1 
-1 -1 -1 1 1 -1 -1 -1 1 1 1 -1 
1 -1 1 -1 1 -1 1 1 -1 -1 -1 -1 
1 1 1 1 -1 1 -1 1 1 1 -1 1 
BrutForce Method: Imbalance = 16 --------- S = 11 12 



1 -1 1 1 1 1 -1 -1 1 -1 -1 1 
1 -1 -1 -1 1 -1 -1 -1 1 -1 1 -1 
1 -1 -1 -1 1 -1 -1 -1 1 -1 1 -1 
-1 1 -1 -1 -1 -1 -1 -1 1 1 1 -1 
-1 -1 -1 1 -1 1 -1 1 1 1 1 -1 
1 -1 -1 1 -1 -1 -1 -1 -1 -1 -1 -1 
1 1 -1 -1 1 -1 -1 -1 1 -1 -1 -1 
-1 1 1 -1 -1 -1 1 -1 1 1 1 -1 
1 1 -1 -1 1 -1 1 1 1 -1 1 1 
-1 -1 1 1 1 -1 -1 -1 -1 -1 -1 1 
-1 1 1 1 1 1 1 1 -1 1 -1 1 
1 -1 -1 -1 1 -1 -1 1 -1 -1 1 1 
-1 1 -1 -1 1 -1 -1 1 -1 -1 -1 1 
1 1 1 1 -1 -1 1 -1 1 1 -1 -1 
-1 -1 1 1 1 -1 -1 1 1 1 -1 1 
-1 -1 -1 1 1 1 -1 1 1 1 -1 1 
1 1 -1 -1 -1 1 -1 -1 1 1 -1 1 
-1 1 1 1 -1 -1 -1 -1 -1 1 -1 1 
1 -1 1 1 -1 1 -1 -1 -1 -1 -1 1 
-1 1 1 -1 1 -1 -1 -1 1 1 -1 1 
-1 -1 -1 -1 1 -1 -1 -1 1 1 -1 -1 
-1 1 -1 1 -1 1 1 1 -1 1 1 -1 
-1 1 -1 -1 -1 -1 -1 1 -1 1 -1 -1 
-1 1 1 1 -1 -1 1 1 1 1 1 -1 
-1 1 1 1 -1 1 1 1 -1 -1 -1 1 
1 1 1 1 1 1 1 1 1 -1 1 -1 
1 1 -1 1 -1 1 -1 -1 1 1 1 -1 
-1 -1 -1 -1 1 1 1 -1 -1 -1 -1 1 
1 1 1 -1 -1 1 -1 1 -1 1 1 -1 
-1 1 1 -1 1 1 1 -1 -1 -1 1 -1 
-1 -1 -1 -1 -1 -1 1 1 1 1 -1 -1 
-1 -1 -1 1 1 1 1 -1 -1 -1 -1 1 
-1 1 1 -1 1 -1 -1 -1 -1 1 -1 -1 
-1 1 -1 -1 1 1 1 1 1 1 -1 -1 
BrutForce Method: Imbalance = 20 --------- S = 1 10 



-1 1 1 -1 1 -1 -1 1 -1 -1 -1 -1 
1 -1 1 -1 -1 1 1 -1 1 -1 -1 -1 
-1 -1 1 1 1 1 -1 1 -1 -1 1 -1 
1 1 -1 -1 1 1 1 -1 -1 -1 -1 1 
-1 1 -1 1 1 -1 -1 -1 1 1 1 -1 
-1 -1 -1 1 -1 1 1 1 -1 -1 -1 -1 
-1 1 1 1 -1 -1 -1 1 -1 1 -1 -1 
1 -1 1 1 -1 -1 -1 1 -1 -1 -1 -1 
1 1 1 1 -1 1 1 -1 -1 1 1 1 
1 -1 1 1 -1 1 -1 1 1 -1 1 -1 
1 1 1 1 -1 -1 1 -1 1 -1 1 1 
1 1 -1 1 1 -1 1 1 1 1 1 1 
-1 -1 1 -1 -1 1 -1 -1 1 -1 1 1 
1 1 -1 -1 -1 -1 1 1 -1 -1 -1 1 
1 1 -1 -1 -1 -1 1 -1 -1 1 1 1 
1 -1 -1 1 -1 -1 -1 -1 1 1 1 1 
1 1 1 1 -1 1 1 1 1 1 -1 -1 
-1 1 1 -1 -1 1 1 -1 1 -1 1 -1 
-1 -1 -1 -1 -1 1 1 -1 1 1 1 -1 
1 1 -1 -1 1 -1 -1 1 -1 1 -1 1 
1 -1 -1 1 -1 -1 -1 1 -1 -1 1 -1 
-1 -1 -1 -1 -1 -1 1 1 1 -1 1 -1 
1 -1 -1 1 1 1 -1 1 -1 -1 1 -1 
1 -1 1 -1 -1 -1 1 -1 1 -1 1 -1 
-1 -1 1 -1 1 1 1 1 1 1 -1 -1 
-1 1 1 -1 -1 -1 1 -1 -1 -1 1 1 
1 1 1 1 1 -1 1 1 -1 1 1 1 
-1 1 -1 1 -1 -1 -1 1 -1 1 1 -1 
-1 1 1 1 1 1 1 -1 1 -1 -1 -1 
1 -1 1 1 -1 1 -1 -1 -1 1 1 -1 
-1 -1 1 -1 1 1 -1 1 1 1 1 1 
-1 1 1 1 1 -1 1 -1 -1 1 -1 -1 
1 1 1 1 -1 -1 -1 -1 1 -1 -1 -1 
-1 -1 1 -1 1 1 1 -1 1 -1 1 1 
BrutForce Method: Imbalance = 20 --------- S = 2 6 



-1 -1 1 1 1 -1 -1 1 -1 1 1 -1 
-1 1 -1 1 1 -1 -1 1 -1 1 1 -1 
-1 1 -1 1 1 -1 -1 -1 -1 1 -1 1 
-1 -1 -1 -1 1 1 1 1 1 1 -1 -1 
-1 -1 1 1 -1 -1 1 1 1 -1 1 1 
1 1 -1 1 1 -1 -1 1 -1 -1 1 1 
1 1 1 1 -1 1 1 1 -1 1 1 -1 
1 -1 -1 1 -1 1 1 1 -1 1 -1 -1 
-1 1 -1 -1 1 -1 1 -1 1 1 -1 1 
-1 1 1 1 -1 1 -1 -1 -1 -1 1 1 
-1 1 -1 -1 -1 1 -1 1 1 1 1 1 
-1 -1 1 -1 1 -1 1 -1 -1 -1 1 -1 
-1 1 1 1 -1 -1 -1 1 -1 -1 1 1 
-1 -1 -1 1 -1 -1 -1 1 1 1 1 -1 
-1 -1 -1 -1 -1 1 -1 -1 1 1 1 1 
-1 1 -1 1 1 -1 1 1 1 1 -1 -1 
-1 1 1 -1 1 -1 -1 1 -1 -1 -1 1 
-1 -1 1 -1 1 1 -1 -1 -1 -1 -1 1 
-1 1 1 1 -1 1 1 1 1 -1 1 1 
-1 -1 -1 1 -1 -1 1 1 -1 -1 1 1 
1 -1 1 -1 -1 1 -1 1 1 1 -1 -1 
-1 1 1 1 1 1 -1 1 -1 1 1 -1 
-1 -1 -1 -1 1 1 1 -1 1 -1 1 -1 
1 1 1 -1 -1 1 1 -1 1 1 -1 -1 
1 -1 1 -1 -1 -1 -1 1 1 -1 1 -1 
-1 1 1 1 -1 1 -1 1 1 -1 -1 1 
1 1 1 1 1 1 -1 -1 -1 1 -1 -1 
1 1 -1 -1 -1 1 -1 -1 -1 -1 1 1 
1 1 1 -1 -1 1 -1 -1 1 -1 1 -1 
-1 1 1 -1 -1 1 -1 -1 1 1 -1 1 
-1 1 1 1 1 -1 -1 1 -1 -1 1 1 
-1 1 -1 -1 1 -1 -1 1 -1 -1 1 -1 
1 -1 1 1 1 1 -1 -1 -1 -1 1 -1 
1 -1 1 -1 1 1 -1 1 -1 -1 -1 -1 
BrutForce Method: Imbalance = 20 --------- S = 5 9 



-1 1 1 1 -1 1 -1 -1 1 -1 1 -1 
-1 1 -1 -1 -1 1 -1 1 1 -1 1 -1 
-1 -1 1 1 1 -1 -1 -1 1 -1 1 -1 
1 -1 -1 -1 -1 -1 -1 1 1 -1 1 -1 
-1 -1 -1 -1 1 1 -1 -1 -1 -1 -1 -1 
-1 -1 1 -1 1 1 1 1 1 1 1 -1 
-1 1 1 1 -1 1 1 -1 -1 -1 1 -1 
-1 1 -1 1 -1 -1 -1 -1 -1 -1 1 1 
1 1 -1 -1 -1 -1 -1 1 -1 -1 -1 -1 
-1 -1 -1 -1 1 -1 -1 1 1 1 1 -1 
-1 -1 -1 1 -1 1 -1 1 1 -1 1 1 
-1 1 -1 -1 -1 -1 -1 1 -1 1 -1 -1 
-1 -1 1 1 -1 1 -1 1 1 1 1 1 
1 -1 -1 -1 -1 -1 1 -1 -1 1 1 -1 
1 1 1 -1 1 1 1 1 -1 -1 -1 -1 
1 1 1 -1 1 -1 1 -1 -1 -1 1 1 
-1 -1 -1 -1 1 -1 1 -1 -1 1 1 1 
-1 1 1 1 1 1 -1 1 -1 1 -1 -1 
1 1 1 -1 1 1 -1 1 -1 1 -1 1 
1 1 -1 1 -1 1 -1 -1 -1 -1 1 -1 
-1 -1 1 1 -1 -1 1 1 -1 -1 1 1 
1 1 -1 -1 -1 -1 1 -1 -1 -1 1 1 
-1 -1 -1 -1 1 1 1 1 1 -1 1 1 
1 1 1 -1 -1 1 1 -1 1 -1 1 -1 
-1 1 -1 -1 -1 1 1 1 1 1 1 -1 
1 1 1 1 -1 1 -1 1 -1 1 1 1 
1 -1 1 1 1 -1 -1 -1 1 -1 1 1 
-1 -1 -1 -1 -1 -1 -1 -1 1 -1 1 1 
-1 -1 -1 1 -1 -1 -1 1 1 -1 -1 -1 
-1 1 -1 -1 -1 -1 -1 1 1 1 -1 1 
1 -1 1 -1 1 -1 -1 1 -1 1 -1 1 
1 1 1 1 1 -1 1 -1 -1 -1 1 -1 
-1 1 1 1 1 1 1 -1 -1 1 -1 1 
1 -1 1 1 1 1 -1 -1 1 1 -1 -1 
BrutForce Method: Imbalance = 20 --------- S = 2 9 



-1 1 -1 1 -1 -1 -1 1 1 1 1 1 
1 -1 1 1 -1 -1 -1 1 1 1 1 1 
1 -1 -1 -1 -1 -1 1 1 1 -1 1 -1 
1 1 1 -1 1 -1 1 -1 1 -1 -1 1 
1 1 -1 -1 1 -1 1 -1 -1 -1 1 1 
-1 -1 -1 1 -1 1 -1 1 1 1 -1 -1 
1 -1 1 1 -1 -1 1 -1 1 1 1 -1 
-1 1 1 1 -1 -1 1 1 1 -1 1 1 
-1 1 -1 -1 -1 1 -1 1 -1 -1 1 1 
-1 -1 -1 1 1 1 1 1 -1 1 -1 -1 
-1 -1 -1 1 -1 1 -1 -1 1 1 -1 -1 
-1 1 -1 -1 -1 1 -1 -1 1 -1 -1 1 
1 -1 1 -1 1 -1 1 1 1 -1 1 -1 
1 -1 1 -1 1 1 1 1 1 -1 -1 1 
1 1 -1 -1 1 1 1 1 1 -1 1 -1 
1 1 1 -1 -1 1 -1 -1 -1 -1 -1 -1 
1 -1 -1 1 1 -1 -1 -1 -1 -1 -1 -1 
-1 -1 1 -1 -1 1 -1 1 -1 -1 -1 -1 
1 1 -1 -1 -1 1 -1 1 1 1 -1 -1 
1 -1 -1 -1 1 1 1 1 1 1 -1 1 
-1 -1 -1 -1 1 1 -1 -1 1 1 1 -1 
-1 1 1 1 -1 -1 -1 -1 -1 -1 -1 -1 
1 -1 -1 -1 1 1 -1 -1 -1 1 1 -1 
-1 -1 -1 -1 -1 -1 -1 1 1 -1 1 1 
-1 -1 -1 1 -1 1 1 1 -1 1 -1 -1 
1 -1 -1 -1 -1 -1 1 -1 1 -1 1 -1 
1 -1 1 1 -1 -1 -1 1 1 1 -1 -1 
1 1 1 1 -1 1 1 -1 -1 -1 -1 -1 
-1 1 1 1 1 1 -1 1 1 1 1 1 
-1 1 -1 -1 1 -1 -1 -1 1 -1 1 1 
-1 -1 -1 1 1 -1 -1 -1 -1 1 -1 -1 
-1 -1 -1 -1 -1 -1 1 -1 1 1 1 -1 
-1 1 1 1 -1 -1 -1 1 1 -1 1 -1 
-1 1 1 -1 1 -1 -1 1 1 -1 -1 -1 
BrutForce Method: Imbalance = 20 --------- S = 2 10 



-1 1 1 -1 1 1 1 -1 1 1 -1 1 
-1 -1 1 1 1 -1 -1 -1 1 1 -1 -1 
1 -1 -1 -1 1 1 1 -1 -1 1 -1 1 
-1 -1 1 1 -1 -1 1 -1 1 -1 -1 -1 
1 1 1 1 -1 -1 1 1 1 1 -1 -1 
-1 1 1 -1 -1 1 1 1 -1 -1 1 -1 
-1 1 1 -1 -1 1 -1 -1 1 -1 -1 -1 
-1 -1 -1 -1 1 1 -1 -1 1 -1 -1 1 
-1 1 -1 1 -1 -1 -1 1 1 1 1 -1 
-1 -1 1 -1 1 -1 -1 -1 1 1 -1 1 
1 -1 -1 -1 1 -1 -1 -1 -1 -1 1 -1 
1 -1 1 1 -1 -1 -1 -1 -1 -1 1 1 
1 1 1 1 -1 1 1 -1 -1 1 -1 1 
1 1 1 -1 1 -1 -1 1 -1 -1 -1 -1 
1 1 -1 1 -1 -1 -1 1 1 -1 -1 1 
1 -1 1 -1 1 1 -1 -1 1 1 1 1 
1 1 -1 -1 1 -1 -1 -1 -1 1 -1 1 
1 -1 -1 -1 1 1 1 1 1 1 -1 1 
1 -1 1 -1 -1 -1 -1 -1 1 1 -1 -1 
-1 -1 -1 -1 1 1 1 -1 1 -1 -1 1 
1 -1 -1 -1 1 -1 1 -1 1 -1 1 1 
-1 1 1 1 1 1 -1 1 -1 1 -1 1 
-1 -1 1 1 -1 1 -1 -1 -1 1 -1 -1 
-1 -1 1 -1 -1 -1 1 -1 -1 1 -1 -1 
-1 1 -1 -1 -1 -1 -1 1 1 -1 -1 -1 
-1 1 -1 -1 -1 -1 1 -1 1 1 1 -1 
1 -1 1 1 -1 1 1 1 -1 1 1 -1 
-1 -1 1 -1 1 -1 1 -1 -1 -1 -1 1 
1 1 1 -1 -1 -1 -1 -1 1 1 -1 1 
1 1 1 1 -1 1 1 1 -1 1 -1 -1 
1 -1 -1 1 -1 1 -1 -1 1 1 1 1 
-1 1 -1 -1 1 1 1 -1 1 -1 1 -1 
-1 1 -1 -1 -1 1 -1 1 1 -1 1 -1 
-1 1 -1 -1 -1 -1 1 1 1 -1 -1 -1 
BrutForce Method: Imbalance = 22 --------- S = 4 5 



1 1 1 1 1 1 1 -1 1 1 -1 -1 
1 -1 -1 -1 -1 -1 1 1 1 -1 1 1 
-1 1 1 -1 -1 1 1 1 1 -1 -1 1 
-1 1 -1 -1 -1 1 1 1 1 1 1 1 
1 1 -1 1 1 1 1 1 -1 -1 1 -1 
-1 -1 -1 1 1 1 -1 -1 1 1 1 1 
-1 -1 -1 -1 -1 -1 -1 -1 1 -1 -1 -1 
-1 -1 1 -1 1 1 -1 -1 -1 1 1 -1 
1 1 -1 -1 -1 -1 -1 1 -1 1 1 -1 
1 -1 1 1 1 -1 -1 -1 -1 -1 1 1 
1 1 1 -1 -1 -1 1 1 -1 -1 1 -1 
1 1 1 1 1 -1 1 -1 -1 1 1 1 
1 1 1 -1 -1 -1 -1 1 1 1 -1 1 
-1 -1 -1 -1 -1 -1 -1 -1 -1 1 -1 -1 
-1 1 -1 -1 -1 -1 -1 1 1 -1 1 -1 
-1 -1 -1 1 1 1 -1 1 1 1 1 1 
1 -1 -1 1 1 -1 1 -1 -1 -1 1 1 
1 1 1 -1 1 -1 1 1 1 -1 -1 1 
-1 -1 1 -1 1 1 -1 1 -1 1 -1 -1 
-1 -1 1 1 -1 -1 -1 1 1 -1 -1 1 
1 1 -1 1 -1 1 -1 1 -1 -1 -1 1 
1 -1 1 -1 -1 -1 -1 1 1 1 -1 -1 
1 1 -1 1 1 1 -1 -1 -1 -1 -1 1 
1 -1 -1 1 1 1 1 1 -1 1 1 -1 
1 1 1 1 -1 -1 1 -1 1 -1 -1 -1 
1 1 -1 1 1 1 -1 -1 -1 1 -1 -1 
-1 -1 -1 1 -1 1 1 1 1 -1 -1 -1 
1 -1 1 -1 1 -1 1 1 1 1 -1 -1 
1 1 -1 -1 -1 -1 1 1 -1 1 -1 -1 
1 1 -1 -1 -1 -1 -1 1 -1 1 1 1 
-1 1 -1 -1 1 -1 1 -1 -1 1 -1 1 
1 -1 1 -1 -1 -1 -1 -1 -1 -1 -1 -1 
1 1 1 -1 1 -1 -1 1 -1 1 -1 -1 
-1 -1 1 -1 -1 -1 1 1 1 1 -1 -1 
BrutForce Method: Imbalance = 22 --------- S = 4 8 



1 -1 -1 -1 -1 1 -1 1 1 1 -1 1 
1 -1 1 1 -1 -1 -1 1 1 1 -1 -1 
-1 -1 -1 -1 1 -1 1 1 1 -1 1 1 
-1 -1 1 -1 -1 1 -1 1 1 1 -1 1 
-1 -1 -1 -1 1 1 1 -1 1 1 -1 -1 
-1 -1 -1 -1 1 -1 1 -1 -1 -1 -1 -1 
1 1 -1 1 1 1 -1 1 -1 1 1 1 
-1 -1 1 1 1 1 1 1 -1 1 1 -1 
-1 -1 1 1 1 -1 -1 1 -1 -1 1 1 
-1 1 1 -1 -1 1 1 1 1 1 1 -1 
-1 1 1 1 -1 1 -1 -1 -1 -1 1 -1 
-1 -1 1 1 -1 1 -1 -1 1 -1 1 1 
-1 -1 1 -1 -1 -1 -1 -1 1 -1 -1 -1 
1 1 -1 1 -1 -1 1 -1 1 -1 -1 -1 
1 -1 1 -1 1 1 1 1 -1 1 1 1 
-1 -1 -1 1 -1 -1 -1 1 -1 1 -1 -1 
1 -1 -1 -1 -1 -1 1 1 -1 -1 -1 1 
-1 1 1 1 -1 -1 -1 -1 -1 -1 1 1 
1 1 -1 1 -1 -1 1 1 -1 -1 1 -1 
1 1 1 -1 -1 1 -1 1 -1 -1 -1 -1 
1 -1 1 1 1 -1 -1 1 -1 1 -1 -1 
-1 -1 -1 1 -1 1 1 1 -1 1 -1 1 
1 -1 1 -1 1 -1 1 -1 -1 1 1 1 
1 1 1 -1 1 -1 -1 1 -1 1 -1 -1 
-1 1 -1 1 1 -1 1 1 1 1 -1 -1 
-1 1 1 1 1 1 1 -1 1 -1 -1 -1 
-1 -1 1 -1 -1 -1 1 -1 1 1 -1 -1 
-1 1 1 1 -1 -1 -1 1 -1 1 1 -1 
1 1 -1 1 1 1 1 1 1 1 -1 -1 
1 1 -1 1 -1 -1 -1 1 -1 -1 1 1 
-1 -1 -1 1 -1 1 -1 -1 1 -1 1 1 
1 -1 1 1 -1 -1 -1 -1 -1 1 -1 -1 
1 -1 1 1 1 1 -1 1 -1 -1 -1 -1 
1 -1 -1 -1 -1 1 1 -1 1 1 -1 -1 
BrutForce Method: Imbalance = 22 --------- S = 3 7 



1 1 -1 1 1 1 1 1 -1 -1 1 1 
-1 1 1 1 1 -1 -1 1 -1 1 1 1 
1 -1 -1 -1 1 1 -1 -1 -1 -1 -1 -1 
1 -1 -1 1 -1 -1 -1 1 1 -1 -1 -1 
-1 1 1 -1 1 -1 -1 1 -1 1 1 1 
-1 1 1 -1 -1 1 1 1 -1 1 1 -1 
-1 -1 -1 -1 -1 1 -1 -1 1 1 -1 1 
1 1 -1 1 -1 1 1 -1 1 1 -1 1 
-1 1 -1 -1 1 1 -1 1 1 1 1 1 
-1 1 -1 -1 -1 1 1 1 -1 1 1 1 
1 -1 -1 -1 -1 1 1 -1 -1 1 1 -1 
1 1 -1 1 1 1 1 -1 -1 -1 1 1 
-1 -1 1 1 1 1 -1 -1 1 -1 -1 1 
1 -1 -1 1 -1 1 1 1 1 1 1 1 
1 1 -1 1 -1 -1 1 -1 1 1 -1 1 
-1 -1 1 -1 -1 -1 -1 1 1 1 -1 -1 
1 1 1 1 -1 -1 1 -1 1 -1 -1 1 
-1 1 1 1 -1 -1 1 -1 1 1 -1 -1 
1 -1 -1 1 1 -1 -1 1 1 -1 1 1 
-1 -1 -1 -1 1 -1 1 1 1 1 -1 -1 
1 1 -1 -1 1 1 1 1 1 1 1 1 
1 1 -1 -1 -1 -1 1 -1 1 -1 1 1 
-1 1 1 1 1 -1 1 -1 1 1 -1 1 
1 -1 -1 1 1 -1 -1 -1 1 -1 -1 -1 
1 1 -1 -1 -1 -1 1 1 -1 -1 1 1 
-1 1 -1 -1 1 -1 1 1 1 -1 -1 1 
-1 -1 -1 1 -1 1 1 1 1 1 1 1 
-1 -1 -1 -1 1 1 1 1 1 1 -1 1 
1 -1 1 1 -1 -1 -1 1 1 1 1 -1 
-1 1 -1 1 1 -1 -1 1 -1 1 -1 -1 
-1 1 1 1 1 -1 -1 1 1 -1 -1 -1 
-1 -1 -1 -1 1 1 1 -1 1 -1 1 1 
-1 -1 -1 -1 -1 -1 1 1 -1 1 -1 1 
1 1 -1 1 -1 1 1 1 -1 -1 -1 -1 
BrutForce Method: Imbalance = 20 --------- S = 1 10 



-1 1 1 -1 1 1 1 1 1 -1 -1 -1 
-1 -1 1 1 -1 1 1 1 1 1 -1 -1 
-1 -1 1 -1 1 1 1 -1 -1 1 -1 -1 
-1 -1 -1 -1 -1 -1 1 -1 1 -1 1 1 
-1 1 -1 1 -1 1 1 1 -1 1 1 -1 
-1 -1 -1 -1 -1 1 1 1 -1 -1 -1 1 
-1 1 -1 1 -1 1 -1 -1 1 1 -1 1 
1 1 1 1 1 -1 1 1 -1 1 -1 1 
1 -1 1 -1 -1 -1 -1 -1 -1 -1 -1 1 
1 -1 1 -1 1 -1 -1 -1 -1 1 1 -1 
-1 1 -1 -1 -1 -1 -1 -1 1 1 -1 -1 
1 1 -1 -1 1 -1 -1 -1 1 1 1 1 
-1 1 -1 1 -1 -1 -1 -1 1 -1 1 1 
-1 -1 -1 1 -1 -1 -1 -1 -1 -1 1 1 
1 1 -1 -1 1 1 1 1 -1 1 -1 1 
-1 -1 1 1 -1 -1 1 1 -1 1 -1 1 
1 -1 1 -1 -1 -1 -1 -1 -1 1 -1 1 
1 1 1 -1 1 1 -1 1 -1 1 1 1 
-1 1 -1 -1 1 -1 -1 1 -1 1 1 -1 
1 1 -1 -1 1 1 -1 -1 1 -1 1 1 
-1 -1 -1 -1 -1 -1 -1 1 1 1 -1 1 
1 1 1 -1 1 -1 -1 1 -1 -1 1 1 
1 -1 1 -1 1 1 -1 -1 -1 1 1 -1 
-1 -1 -1 1 1 -1 1 -1 -1 1 1 1 
-1 -1 1 1 -1 1 -1 -1 -1 -1 -1 1 
1 -1 -1 -1 1 1 -1 1 -1 1 1 -1 
-1 -1 1 -1 1 -1 -1 -1 1 1 -1 -1 
1 1 1 1 1 1 1 1 1 1 1 -1 
1 1 1 -1 -1 -1 1 -1 1 1 1 -1 
1 -1 1 -1 1 1 1 1 1 -1 -1 -1 
1 1 1 1 -1 1 -1 1 -1 -1 1 1 
1 -1 1 -1 -1 -1 1 -1 1 -1 -1 -1 
1 1 1 -1 -1 -1 1 1 -1 -1 1 1 
-1 -1 -1 -1 1 1 1 -1 1 -1 1 1 
BrutForce Method: Imbalance = 24 --------- S = 1 4 



1 1 1 1 -1 -1 -1 -1 1 1 -1 -1 
-1 1 -1 1 1 1 -1 1 1 1 -1 1 
-1 -1 -1 -1 1 -1 -1 1 1 1 -1 -1 
1 1 1 1 -1 -1 -1 -1 -1 1 -1 1 
1 -1 -1 -1 1 1 -1 1 -1 -1 1 -1 
-1 -1 1 -1 -1 -1 -1 -1 1 1 -1 1 
-1 -1 -1 1 -1 -1 1 -1 1 1 -1 -1 
1 1 1 1 -1 -1 -1 1 1 -1 1 1 
-1 -1 -1 1 -1 -1 -1 1 -1 1 1 -1 
-1 1 -1 1 1 1 1 1 -1 1 -1 1 
-1 -1 -1 1 -1 1 1 -1 -1 1 1 1 
1 -1 -1 -1 1 1 1 -1 1 1 1 -1 
-1 -1 1 1 -1 -1 1 -1 -1 -1 1 1 
-1 1 1 1 -1 1 -1 1 -1 -1 -1 -1 
1 -1 -1 -1 1 -1 1 -1 1 1 -1 -1 
1 -1 1 1 -1 1 1 1 -1 -1 -1 -1 
1 1 1 -1 -1 -1 -1 1 -1 1 1 1 
-1 -1 -1 -1 1 -1 -1 1 -1 -1 1 -1 
-1 1 -1 -1 -1 1 -1 1 1 1 -1 1 
-1 1 1 -1 -1 -1 1 1 1 -1 1 1 
-1 1 -1 1 1 1 -1 1 -1 1 1 1 
-1 1 1 -1 -1 1 -1 -1 1 -1 1 -1 
1 -1 -1 -1 1 -1 -1 -1 1 1 1 1 
-1 -1 1 1 1 -1 1 1 -1 1 -1 -1 
-1 -1 -1 1 1 -1 -1 -1 -1 1 -1 1 
-1 1 1 1 -1 -1 1 -1 1 -1 -1 1 
-1 1 1 -1 -1 -1 -1 1 1 -1 1 -1 
1 1 1 -1 1 1 -1 1 1 1 1 1 
1 1 1 1 1 1 -1 -1 1 -1 1 -1 
1 -1 -1 -1 1 1 1 -1 -1 1 1 -1 
-1 -1 -1 1 -1 1 -1 -1 1 1 1 1 
-1 1 -1 -1 1 -1 -1 1 -1 1 -1 -1 
1 1 1 1 1 1 -1 -1 -1 -1 1 1 
-1 -1 1 1 -1 -1 -1 1 1 -1 1 1 
BrutForce Method: Imbalance = 16 --------- S = 3 10 



-1 -1 1 1 -1 1 1 1 1 1 1 -1 
-1 1 -1 1 -1 -1 1 1 1 -1 -1 1 
-1 1 1 -1 1 1 1 -1 1 1 -1 -1 
-1 -1 -1 -1 1 -1 1 -1 -1 1 1 -1 
1 1 -1 -1 1 -1 1 1 -1 -1 1 -1 
1 1 -1 -1 1 -1 -1 -1 1 -1 -1 1 
1 -1 -1 -1 1 -1 1 1 -1 -1 1 -1 
-1 -1 -1 1 -1 1 -1 -1 -1 1 1 -1 
1 1 1 -1 -1 1 1 1 1 -1 -1 1 
-1 -1 -1 -1 -1 -1 1 1 1 -1 1 -1 
1 -1 1 1 1 -1 1 -1 1 1 -1 -1 
-1 -1 -1 1 1 1 -1 -1 -1 1 -1 1 
-1 -1 1 -1 1 1 -1 1 -1 -1 -1 1 
1 -1 1 1 -1 1 -1 -1 1 1 1 -1 
-1 -1 1 -1 -1 1 1 -1 -1 -1 -1 -1 
-1 -1 1 1 1 -1 -1 1 -1 -1 -1 1 
1 1 -1 -1 1 -1 -1 -1 -1 -1 -1 -1 
-1 1 -1 1 -1 1 -1 -1 1 -1 -1 -1 
1 -1 -1 1 -1 -1 1 -1 1 -1 -1 -1 
1 1 1 -1 1 -1 -1 -1 -1 -1 1 -1 
1 -1 -1 -1 -1 1 -1 -1 1 1 -1 1 
1 -1 1 -1 -1 -1 -1 1 -1 -1 -1 -1 
-1 -1 -1 1 1 -1 1 1 1 1 -1 1 
1 -1 1 -1 1 1 1 -1 1 1 1 1 
-1 -1 -1 -1 -1 -1 1 1 1 1 -1 1 
-1 1 1 1 -1 1 1 -1 -1 -1 1 -1 
1 1 -1 1 -1 -1 -1 1 -1 1 -1 -1 
1 1 1 -1 1 1 1 1 -1 -1 1 -1 
-1 1 1 1 1 -1 -1 -1 1 1 1 -1 
1 1 1 1 1 -1 -1 -1 1 1 1 -1 
1 1 -1 1 -1 1 1 -1 -1 -1 1 1 
-1 -1 1 -1 1 -1 -1 1 -1 1 -1 1 
-1 1 -1 1 -1 1 -1 -1 -1 1 1 1 
-1 -1 -1 -1 -1 1 1 -1 -1 -1 -1 -1 
BrutForce Method: Imbalance = 22 --------- S = 5 6 



1 -1 -1 -1 1 -1 -1 -1 -1 1 1 -1 
-1 -1 1 -1 1 -1 1 -1 -1 -1 1 1 
1 1 -1 -1 1 -1 1 1 -1 -1 -1 -1 
1 -1 -1 1 1 1 1 -1 -1 -1 -1 1 
1 1 -1 -1 1 -1 1 -1 -1 -1 -1 -1 
1 -1 -1 1 1 -1 1 1 1 -1 1 -1 
-1 1 1 -1 1 -1 -1 1 -1 1 -1 -1 
-1 1 1 -1 1 1 -1 1 1 1 -1 1 
-1 1 1 -1 -1 -1 -1 1 -1 1 -1 1 
1 -1 1 -1 -1 -1 1 1 1 -1 -1 1 
1 -1 -1 1 -1 -1 1 -1 -1 -1 -1 -1 
1 1 1 1 1 1 1 -1 1 1 1 -1 
1 1 -1 -1 -1 1 1 -1 -1 -1 -1 1 
1 -1 1 1 -1 1 1 -1 1 -1 1 -1 
1 1 1 1 1 -1 -1 -1 1 -1 1 1 
-1 1 -1 1 1 -1 -1 1 1 1 -1 1 
-1 -1 -1 -1 1 -1 1 -1 -1 -1 -1 -1 
-1 -1 -1 -1 1 1 1 -1 -1 1 -1 1 
1 -1 1 1 -1 -1 -1 -1 1 -1 -1 -1 
-1 -1 -1 1 -1 1 -1 1 -1 -1 -1 -1 
1 1 1 -1 1 1 -1 1 1 1 1 -1 
1 1 1 -1 -1 -1 1 1 1 1 1 1 
1 1 -1 -1 1 1 1 -1 1 -1 -1 -1 
1 -1 -1 -1 1 1 1 -1 -1 -1 -1 1 
1 1 1 1 1 -1 -1 1 -1 1 1 1 
1 -1 -1 1 -1 -1 -1 -1 -1 -1 1 1 
1 1 -1 1 1 1 1 1 1 -1 -1 1 
1 -1 1 1 -1 -1 -1 1 1 -1 -1 1 
1 -1 -1 -1 1 1 1 -1 1 1 -1 1 
-1 -1 -1 -1 1 -1 -1 1 -1 1 1 -1 
1 1 1 1 -1 1 -1 -1 -1 1 -1 1 
-1 1 -1 1 1 1 -1 -1 1 1 -1 1 
1 1 -1 1 1 -1 -1 1 -1 1 1 -1 
-1 1 1 1 1 -1 -1 1 -1 1 -1 -1 
BrutForce Method: Imbalance = 18 --------- S = 7 10 



-1 -1 -1 -1 1 1 -1 -1 1 1 -1 -1 
1 -1 -1 -1 1 1 -1 1 -1 -1 1 -1 
-1 1 1 -1 -1 1 -1 1 -1 1 1 1 
1 -1 1 1 -1 -1 1 1 -1 1 -1 1 
1 1 -1 -1 -1 1 -1 1 1 -1 1 1 
1 1 1 -1 1 1 1 -1 -1 1 1 1 
-1 1 1 1 1 -1 -1 1 1 1 1 -1 
1 1 -1 1 1 1 -1 1 1 -1 1 1 
-1 -1 1 -1 -1 1 -1 1 1 -1 1 -1 
1 -1 -1 -1 1 1 1 -1 1 1 1 -1 
-1 -1 -1 -1 -1 -1 1 1 -1 1 -1 1 
1 -1 -1 -1 1 -1 -1 -1 1 -1 1 1 
-1 -1 -1 -1 1 -1 -1 1 -1 -1 1 -1 
1 1 -1 -1 -1 1 -1 1 -1 1 -1 1 
1 1 -1 -1 -1 -1 1 -1 1 1 -1 1 
-1 1 1 -1 1 -1 1 1 -1 -1 -1 -1 
1 -1 1 -1 1 1 1 -1 1 -1 -1 1 
-1 1 -1 -1 -1 -1 -1 1 -1 -1 1 -1 
1 -1 1 1 1 -1 -1 -1 -1 -1 -1 -1 
1 1 1 -1 -1 -1 1 1 -1 -1 -1 -1 
-1 -1 -1 1 -1 -1 -1 1 -1 1 -1 -1 
-1 1 -1 1 -1 1 -1 1 1 -1 -1 -1 
1 1 1 1 -1 1 1 -1 1 1 -1 -1 
1 -1 1 -1 1 1 1 1 -1 1 -1 -1 
-1 1 -1 -1 -1 1 -1 1 1 -1 -1 1 
1 1 -1 -1 1 1 1 1 -1 -1 -1 -1 
1 -1 1 -1 1 1 1 1 1 1 1 1 
1 1 -1 1 -1 1 1 -1 -1 -1 1 1 
1 1 -1 1 -1 1 1 1 -1 1 1 -1 
-1 1 -1 -1 -1 -1 -1 -1 1 1 -1 1 
-1 -1 -1 -1 -1 1 1 1 1 -1 1 -1 
-1 1 -1 -1 1 1 -1 -1 1 1 -1 1 
1 1 1 1 -1 1 -1 -1 -1 1 -1 1 
1 -1 -1 1 1 -1 1 1 1 1 1 1 
BrutForce Method: Imbalance = 22 --------- S = 2 5 



-1 -1 1 -1 1 -1 -1 -1 1 -1 -1 -1 
1 1 1 -1 1 1 1 -1 -1 1 1 1 
1 1 -1 1 -1 -1 -1 1 1 -1 -1 -1 
1 -1 1 -1 1 -1 1 1 1 -1 -1 -1 
1 1 1 1 -1 -1 -1 1 -1 -1 -1 1 
1 -1 -1 -1 -1 -1 1 -1 -1 -1 -1 -1 
1 1 1 1 1 1 1 1 1 1 1 -1 
-1 1 -1 -1 -1 1 1 1 -1 1 -1 1 
-1 -1 1 -1 -1 1 1 1 1 1 -1 1 
1 -1 1 -1 -1 -1 -1 -1 -1 1 -1 1 
-1 1 -1 -1 -1 1 1 1 -1 -1 1 -1 
-1 -1 -1 1 -1 -1 1 -1 -1 -1 -1 1 
1 -1 -1 1 -1 1 -1 -1 -1 -1 1 1 
1 1 1 -1 -1 1 1 -1 1 -1 1 1 
-1 -1 -1 -1 1 1 1 1 -1 1 1 1 
-1 -1 -1 -1 1 -1 1 -1 -1 -1 1 -1 
-1 -1 -1 -1 -1 -1 1 -1 -1 1 1 1 
-1 -1 -1 -1 1 -1 -1 1 1 1 -1 1 
-1 -1 -1 -1 -1 -1 1 1 1 -1 -1 1 
-1 -1 -1 1 -1 -1 1 -1 -1 1 -1 1 
-1 1 -1 1 -1 -1 1 -1 1 -1 -1 -1 
-1 1 1 1 -1 -1 1 -1 -1 -1 1 -1 
1 -1 1 -1 1 1 1 -1 1 -1 1 1 
1 -1 -1 1 -1 -1 1 -1 -1 1 1 1 
1 -1 -1 1 -1 1 -1 -1 1 -1 -1 -1 
-1 -1 -1 -1 1 1 -1 1 -1 1 1 1 
1 -1 1 1 -1 -1 -1 -1 -1 1 1 1 
-1 1 1 -1 1 -1 -1 1 1 1 -1 -1 
-1 -1 1 1 1 1 1 1 -1 -1 1 1 
1 1 1 -1 -1 -1 -1 1 1 -1 1 -1 
-1 -1 1 1 -1 -1 1 -1 1 1 -1 1 
-1 1 -1 -1 -1 -1 -1 -1 -1 -1 -1 -1 
1 -1 -1 1 1 -1 1 -1 -1 1 1 1 
-1 -1 -1 -1 -1 1 -1 -1 1 -1 1 1 
BrutForce Method: Imbalance = 18 --------- S = 2 12 



1 -1 1 1 -1 -1 -1 -1 1 -1 -1 1 
-1 -1 1 -1 -1 -1 1 1 1 -1 1 -1 
-1 -1 -1 -1 1 1 1 -1 -1 1 1 -1 
1 1 1 -1 1 -1 1 -1 1 1 -1 -1 
1 1 -1 -1 1 1 -1 -1 1 1 -1 -1 
-1 -1 -1 -1 -1 1 1 -1 -1 -1 -1 -1 
-1 1 -1 -1 1 -1 1 -1 1 -1 -1 -1 
1 1 1 -1 -1 1 1 -1 1 1 1 1 
1 -1 -1 1 1 1 -1 -1 1 1 -1 -1 
-1 1 1 -1 1 1 1 1 1 1 -1 -1 
1 -1 -1 1 1 1 1 1 1 -1 -1 1 
-1 -1 -1 -1 -1 1 1 -1 -1 -1 -1 1 
-1 -1 1 1 1 1 -1 -1 1 -1 -1 -1 
-1 -1 -1 1 -1 -1 -1 1 1 1 1 1 
-1 1 -1 -1 -1 -1 1 -1 -1 -1 -1 1 
1 1 -1 -1 -1 -1 1 1 -1 1 -1 -1 
1 -1 1 -1 -1 1 -1 -1 1 1 -1 -1 
-1 -1 1 1 1 1 -1 1 1 1 -1 -1 
1 -1 1 -1 -1 1 1 -1 -1 -1 -1 -1 
1 1 -1 -1 -1 -1 1 1 1 -1 -1 1 
1 -1 -1 -1 -1 1 -1 -1 1 1 -1 -1 
1 1 1 -1 -1 1 1 1 -1 1 1 1 
1 1 1 -1 1 -1 1 1 1 -1 1 1 
1 -1 -1 -1 1 1 1 -1 -1 -1 1 -1 
-1 -1 -1 -1 -1 -1 -1 1 1 1 -1 1 
-1 -1 -1 1 1 1 1 -1 1 -1 1 1 
1 1 -1 1 1 -1 -1 -1 1 -1 1 1 
-1 1 1 -1 1 -1 -1 1 1 -1 1 1 
-1 1 1 -1 -1 -1 1 1 1 -1 -1 -1 
1 1 -1 1 -1 1 1 -1 1 -1 1 -1 
-1 1 1 1 1 1 -1 -1 1 1 -1 1 
-1 1 1 -1 -1 -1 1 1 -1 -1 -1 1 
-1 1 1 1 1 -1 1 -1 -1 -1 -1 1 
1 -1 -1 1 1 -1 1 1 -1 1 -1 -1 
BrutForce Method: Imbalance = 20 --------- S = 4 7 



