n = 14   m = 10   k = 100


-1 1 1 -1 -1 -1 1 1 1 -1 1 1 1 1 
1 1 -1 1 1 1 1 1 1 1 1 1 1 1 
-1 1 -1 -1 1 -1 1 1 -1 1 -1 1 -1 -1 
1 1 -1 1 -1 1 1 -1 -1 1 -1 1 -1 1 
-1 1 -1 1 1 -1 1 -1 -1 1 -1 -1 -1 1 
1 -1 1 -1 1 1 -1 -1 -1 -1 1 -1 1 -1 
-1 -1 1 1 1 -1 -1 -1 1 -1 -1 1 -1 1 
-1 1 1 1 1 1 1 1 1 1 -1 1 1 1 
-1 1 1 1 1 1 1 1 1 1 -1 1 -1 1 
1 1 1 -1 -1 1 -1 -1 1 1 -1 -1 1 1 
BrutForce Method: Imbalance = 4 --------- S = 10 11 



1 1 1 1 1 1 -1 -1 -1 -1 -1 -1 -1 1 
-1 1 -1 -1 1 -1 -1 1 -1 -1 1 1 -1 1 
-1 1 1 1 1 1 1 1 -1 1 -1 -1 1 1 
-1 -1 1 -1 -1 1 -1 -1 -1 1 -1 -1 -1 -1 
1 1 -1 1 -1 1 -1 1 -1 -1 -1 1 -1 -1 
1 -1 1 1 -1 -1 1 -1 1 1 1 1 1 1 
1 1 -1 -1 -1 1 1 -1 1 -1 -1 1 1 -1 
-1 1 1 1 1 1 1 1 -1 1 -1 -1 1 -1 
1 1 -1 -1 -1 -1 1 1 -1 -1 1 -1 1 -1 
-1 -1 -1 1 1 1 -1 -1 -1 1 1 1 1 1 
BrutForce Method: Imbalance = 2 --------- S = 6 11 



-1 1 1 1 1 1 1 -1 1 1 -1 -1 1 1 
-1 -1 1 1 1 -1 1 1 -1 1 1 -1 -1 -1 
-1 -1 -1 -1 -1 -1 1 1 1 -1 -1 1 1 -1 
-1 -1 -1 -1 1 1 1 1 -1 -1 1 -1 -1 -1 
1 -1 -1 -1 -1 1 -1 1 -1 -1 -1 -1 1 1 
-1 -1 1 1 1 1 -1 -1 1 1 1 -1 1 -1 
-1 -1 1 1 1 1 1 1 -1 1 -1 1 1 1 
1 1 -1 -1 -1 1 -1 -1 1 -1 -1 -1 1 1 
1 -1 -1 1 -1 -1 1 1 1 1 -1 -1 1 -1 
-1 -1 -1 1 1 -1 -1 1 1 1 -1 1 1 -1 
BrutForce Method: Imbalance = 0 --------- S = 2 8 11 13 



1 1 -1 -1 1 -1 -1 -1 -1 -1 1 1 -1 -1 
-1 1 1 -1 1 1 -1 1 1 -1 1 1 1 1 
1 1 -1 -1 1 -1 -1 -1 1 1 1 1 -1 1 
-1 -1 1 1 -1 -1 -1 1 -1 -1 -1 -1 -1 1 
1 1 1 -1 1 1 1 -1 -1 -1 1 -1 -1 1 
1 1 1 1 -1 1 -1 1 -1 -1 -1 -1 1 -1 
-1 1 -1 -1 1 1 1 1 -1 1 -1 -1 -1 -1 
-1 -1 -1 1 1 1 1 -1 -1 1 -1 -1 -1 -1 
1 -1 1 -1 1 -1 -1 -1 -1 1 -1 1 -1 -1 
1 -1 -1 -1 -1 -1 1 1 1 -1 1 1 -1 -1 
BrutForce Method: Imbalance = 2 --------- S = 1 4 5 8 



1 1 1 1 1 1 1 -1 1 1 -1 1 1 1 
-1 -1 1 1 1 -1 1 1 1 -1 1 -1 -1 -1 
-1 1 -1 -1 1 1 -1 -1 -1 1 -1 -1 -1 1 
1 -1 1 1 1 1 1 -1 1 -1 -1 -1 1 1 
-1 -1 1 1 -1 -1 -1 1 1 -1 -1 1 -1 -1 
1 -1 -1 1 1 1 -1 -1 1 -1 -1 -1 1 -1 
1 -1 -1 1 -1 1 -1 1 1 1 -1 1 1 -1 
-1 1 -1 1 -1 1 1 -1 -1 1 1 -1 -1 1 
1 -1 -1 -1 -1 -1 -1 -1 1 1 1 1 -1 -1 
1 -1 -1 1 -1 -1 1 -1 -1 -1 1 1 1 -1 
BrutForce Method: Imbalance = 4 --------- S = 2 9 



-1 1 1 -1 1 1 -1 1 -1 1 -1 1 -1 1 
1 1 -1 -1 1 -1 1 -1 -1 1 1 1 1 -1 
1 -1 1 -1 1 -1 -1 -1 1 1 1 1 -1 -1 
-1 -1 1 1 1 1 1 1 -1 1 -1 -1 -1 -1 
-1 1 1 1 -1 -1 1 -1 1 -1 1 -1 1 -1 
-1 -1 1 1 1 1 1 -1 1 1 -1 -1 1 -1 
1 -1 1 -1 1 1 -1 1 1 1 -1 -1 1 -1 
1 1 1 1 -1 1 -1 1 -1 -1 -1 1 1 1 
1 -1 -1 1 -1 -1 1 -1 -1 1 1 -1 -1 1 
-1 1 -1 -1 -1 1 1 1 -1 1 1 1 1 1 
BrutForce Method: Imbalance = 2 --------- S = 6 11 



-1 -1 1 1 -1 1 1 1 1 -1 -1 1 -1 1 
-1 1 1 -1 1 1 1 1 -1 -1 1 -1 1 -1 
-1 -1 1 1 1 1 -1 -1 1 1 -1 1 -1 1 
1 1 -1 -1 -1 -1 -1 1 1 -1 1 1 -1 1 
1 -1 -1 1 1 1 -1 -1 1 -1 1 -1 1 -1 
-1 -1 -1 -1 -1 -1 1 1 -1 -1 -1 -1 1 1 
1 1 1 1 -1 1 1 1 1 -1 1 -1 -1 -1 
-1 1 1 1 -1 -1 1 1 1 -1 -1 -1 -1 1 
1 1 -1 -1 -1 1 -1 -1 1 1 -1 1 -1 -1 
-1 1 1 -1 -1 1 -1 -1 1 -1 -1 -1 1 1 
BrutForce Method: Imbalance = 0 --------- S = 8 9 10 13 



1 -1 -1 -1 -1 1 1 1 -1 -1 -1 1 1 -1 
1 1 1 1 -1 1 -1 -1 1 -1 1 1 1 -1 
1 1 -1 -1 -1 1 -1 1 -1 1 -1 -1 1 1 
-1 1 -1 1 -1 -1 1 -1 -1 -1 1 -1 -1 -1 
1 -1 -1 -1 -1 -1 -1 1 1 1 1 1 1 1 
1 -1 1 1 1 -1 1 -1 -1 1 -1 1 1 1 
-1 -1 1 1 -1 -1 -1 1 -1 -1 -1 -1 1 1 
1 -1 1 -1 -1 -1 -1 -1 -1 -1 -1 -1 -1 1 
-1 1 -1 1 -1 1 -1 1 1 -1 1 1 -1 -1 
1 -1 1 1 1 -1 -1 -1 1 -1 -1 1 1 1 
BrutForce Method: Imbalance = 4 --------- S = 3 8 



1 -1 -1 1 1 1 -1 1 1 -1 1 1 -1 1 
1 1 -1 -1 -1 1 1 -1 1 1 1 -1 1 1 
1 -1 1 1 1 -1 -1 1 -1 1 -1 -1 1 1 
1 -1 -1 1 -1 -1 -1 -1 1 1 -1 1 1 1 
1 -1 1 -1 1 -1 -1 -1 1 1 1 -1 -1 -1 
-1 1 1 1 -1 1 1 -1 -1 -1 1 -1 -1 1 
-1 1 -1 1 -1 -1 -1 1 -1 1 1 1 1 1 
-1 1 -1 -1 -1 1 1 1 1 -1 -1 1 1 -1 
-1 -1 -1 -1 -1 -1 -1 -1 -1 1 1 1 1 1 
1 -1 -1 1 1 -1 1 1 -1 -1 -1 -1 -1 1 
BrutForce Method: Imbalance = 2 --------- S = 5 7 10 12 



1 -1 -1 -1 -1 -1 1 -1 1 -1 1 1 -1 1 
1 1 1 1 1 1 -1 1 1 -1 -1 -1 1 1 
-1 1 1 1 1 1 1 -1 1 -1 -1 -1 -1 -1 
1 1 1 -1 1 1 -1 -1 1 1 1 -1 -1 1 
-1 1 -1 -1 1 1 -1 -1 1 -1 1 1 -1 1 
1 -1 -1 -1 1 1 -1 1 1 -1 1 -1 -1 -1 
1 1 1 -1 -1 -1 1 1 -1 1 -1 -1 1 1 
1 1 -1 1 -1 -1 -1 -1 -1 1 1 1 -1 1 
-1 -1 -1 -1 1 1 1 -1 -1 1 -1 -1 -1 1 
-1 -1 1 1 -1 -1 -1 -1 -1 -1 -1 1 -1 -1 
BrutForce Method: Imbalance = 4 --------- S = 9 10 



-1 1 1 -1 1 1 -1 -1 -1 -1 -1 -1 1 1 
1 -1 -1 1 1 -1 -1 -1 -1 1 1 1 -1 -1 
-1 -1 1 -1 -1 -1 -1 1 1 -1 -1 1 1 1 
-1 1 -1 -1 1 -1 1 1 -1 -1 1 -1 1 -1 
-1 1 -1 -1 -1 -1 -1 -1 1 1 1 -1 -1 1 
-1 1 1 1 -1 -1 1 -1 -1 1 1 -1 1 -1 
-1 -1 -1 1 -1 1 -1 1 1 1 1 1 -1 1 
1 -1 1 -1 1 -1 1 1 -1 1 1 -1 1 -1 
-1 1 -1 -1 1 -1 -1 1 -1 -1 -1 1 -1 1 
-1 -1 -1 1 -1 -1 -1 -1 1 -1 -1 -1 -1 1 
BrutForce Method: Imbalance = 2 --------- S = 5 9 



-1 1 1 1 -1 1 1 1 -1 -1 -1 1 -1 -1 
1 1 1 1 -1 -1 -1 -1 -1 1 -1 1 -1 1 
-1 -1 1 1 1 -1 1 1 -1 1 1 -1 1 -1 
1 1 1 -1 1 1 1 1 1 -1 1 -1 1 -1 
-1 1 -1 1 1 -1 -1 1 1 1 -1 -1 -1 1 
-1 -1 1 -1 -1 -1 1 1 1 -1 1 -1 -1 -1 
1 1 1 -1 1 1 1 -1 1 -1 -1 -1 -1 -1 
-1 -1 1 -1 -1 -1 1 -1 1 1 -1 -1 1 1 
1 -1 -1 -1 -1 -1 -1 -1 1 1 -1 1 1 1 
1 -1 -1 -1 1 -1 1 1 -1 1 1 -1 1 1 
BrutForce Method: Imbalance = 2 --------- S = 6 10 



-1 -1 1 -1 1 -1 1 -1 1 1 1 -1 -1 1 
-1 1 1 -1 1 -1 1 -1 1 1 1 -1 -1 1 
-1 -1 -1 1 -1 -1 1 -1 -1 1 -1 -1 1 1 
1 -1 1 1 1 -1 -1 1 -1 1 1 -1 1 -1 
-1 -1 -1 1 1 -1 1 1 -1 1 1 -1 -1 1 
1 -1 -1 -1 -1 -1 1 1 -1 1 1 1 1 -1 
-1 -1 -1 -1 1 -1 1 1 -1 1 -1 1 1 1 
-1 1 -1 -1 -1 1 1 -1 1 -1 1 -1 1 1 
-1 -1 1 1 1 -1 1 -1 -1 1 -1 1 1 -1 
-1 -1 -1 1 -1 -1 -1 -1 -1 1 1 1 1 -1 
BrutForce Method: Imbalance = 0 --------- S = 6 10 



-1 -1 1 1 -1 -1 1 1 -1 1 1 -1 -1 -1 
1 -1 -1 -1 -1 1 1 1 1 -1 1 -1 -1 -1 
-1 1 -1 -1 1 1 1 -1 -1 1 -1 1 1 -1 
1 -1 1 1 1 -1 1 -1 1 1 1 -1 1 -1 
-1 1 1 -1 -1 -1 1 -1 -1 -1 -1 1 1 1 
1 1 1 -1 -1 -1 -1 1 1 -1 1 1 1 -1 
-1 1 -1 -1 1 -1 1 1 -1 -1 1 1 1 1 
1 1 1 -1 1 1 1 1 -1 1 -1 1 -1 -1 
-1 -1 1 1 1 -1 1 1 1 -1 1 1 -1 -1 
-1 -1 -1 -1 -1 1 1 -1 -1 -1 -1 -1 -1 1 
BrutForce Method: Imbalance = 2 --------- S = 3 6 11 14 



1 1 1 1 1 1 1 1 -1 -1 -1 1 1 -1 
1 -1 -1 -1 -1 -1 -1 -1 1 1 1 1 -1 1 
1 1 1 -1 -1 -1 -1 1 1 1 -1 1 -1 1 
-1 -1 -1 -1 -1 1 -1 -1 1 1 1 1 1 -1 
-1 1 1 -1 -1 -1 -1 -1 1 -1 -1 1 1 1 
-1 -1 1 1 1 1 1 1 -1 1 1 -1 -1 -1 
1 -1 1 1 -1 1 -1 -1 -1 1 1 -1 -1 -1 
-1 1 1 1 1 1 -1 -1 -1 -1 -1 1 -1 1 
1 -1 -1 -1 -1 1 -1 1 1 1 -1 -1 1 -1 
-1 -1 -1 1 -1 1 -1 -1 -1 -1 1 -1 -1 -1 
BrutForce Method: Imbalance = 0 --------- S = 4 9 



-1 1 -1 1 -1 1 1 -1 1 -1 -1 -1 -1 -1 
-1 -1 -1 1 -1 -1 -1 1 1 -1 -1 1 1 -1 
-1 -1 1 -1 -1 -1 1 1 -1 1 -1 1 1 -1 
-1 1 1 -1 1 -1 1 -1 -1 -1 -1 -1 1 -1 
-1 1 1 -1 -1 1 1 -1 -1 -1 -1 -1 1 -1 
-1 -1 1 1 -1 -1 -1 -1 -1 1 1 -1 -1 -1 
-1 -1 1 -1 -1 -1 -1 -1 -1 -1 -1 -1 1 1 
1 -1 1 1 1 -1 1 1 1 1 -1 1 1 -1 
1 1 -1 -1 -1 1 -1 -1 1 1 -1 -1 -1 -1 
1 1 1 -1 1 1 -1 -1 -1 1 1 1 1 -1 
BrutForce Method: Imbalance = 2 --------- S = 3 9 



1 -1 -1 1 1 -1 -1 -1 -1 1 -1 -1 -1 1 
-1 1 -1 1 -1 -1 -1 -1 -1 1 1 -1 -1 -1 
-1 -1 -1 -1 1 -1 1 1 1 1 -1 1 1 -1 
-1 1 1 1 1 1 1 -1 1 1 -1 1 -1 1 
1 1 1 1 -1 -1 -1 1 1 -1 1 1 -1 -1 
1 1 1 -1 -1 1 -1 1 -1 1 1 1 -1 -1 
-1 -1 1 -1 -1 -1 -1 -1 1 -1 -1 1 -1 1 
1 -1 -1 -1 -1 1 1 1 1 1 -1 -1 1 1 
-1 -1 -1 -1 1 1 -1 -1 1 1 -1 -1 1 1 
1 -1 -1 -1 1 -1 1 1 1 -1 1 1 -1 -1 
BrutForce Method: Imbalance = 2 --------- S = 11 14 



-1 1 -1 1 -1 -1 -1 1 -1 -1 -1 -1 1 -1 
1 1 1 -1 -1 1 1 -1 1 1 1 -1 1 -1 
1 -1 -1 -1 1 1 1 1 1 -1 1 -1 -1 1 
-1 -1 -1 -1 1 -1 1 -1 1 -1 -1 -1 -1 -1 
1 -1 1 -1 -1 -1 -1 -1 1 1 1 -1 -1 -1 
1 -1 -1 1 1 1 -1 1 -1 1 1 -1 -1 -1 
-1 1 -1 -1 -1 1 -1 1 -1 -1 1 1 -1 1 
-1 1 -1 1 -1 -1 -1 1 1 1 -1 1 1 -1 
1 -1 -1 -1 -1 1 -1 -1 1 1 1 1 1 1 
-1 1 -1 1 -1 -1 1 1 1 1 -1 -1 -1 -1 
BrutForce Method: Imbalance = 4 --------- S = 1 2 



1 1 -1 1 -1 1 1 1 -1 1 -1 1 -1 1 
-1 1 -1 -1 1 1 1 1 1 1 1 1 -1 -1 
1 1 -1 1 1 1 -1 -1 -1 -1 1 1 1 -1 
-1 -1 1 -1 -1 -1 -1 1 -1 -1 1 -1 -1 -1 
1 1 1 -1 -1 1 -1 1 -1 -1 1 1 -1 1 
-1 1 1 1 1 1 -1 -1 -1 -1 -1 -1 1 1 
-1 1 -1 -1 -1 -1 -1 -1 1 1 1 1 1 -1 
1 -1 -1 1 1 -1 -1 -1 1 1 -1 -1 1 -1 
-1 1 -1 -1 1 -1 -1 1 -1 -1 1 1 1 1 
-1 -1 -1 -1 -1 1 1 1 -1 1 -1 1 1 1 
BrutForce Method: Imbalance = 0 --------- S = 3 4 8 10 11 13 



1 -1 -1 1 -1 1 1 1 1 1 -1 1 1 1 
-1 1 1 1 1 1 1 1 -1 1 1 -1 -1 1 
-1 -1 1 -1 1 -1 1 -1 -1 -1 -1 -1 -1 -1 
-1 -1 -1 -1 1 1 -1 1 -1 -1 1 -1 -1 1 
-1 -1 -1 -1 1 1 1 -1 -1 -1 -1 1 1 1 
1 -1 1 -1 1 -1 1 1 1 -1 -1 -1 -1 1 
1 -1 1 1 1 1 -1 1 -1 1 -1 -1 -1 1 
-1 1 1 -1 1 1 1 -1 1 -1 1 -1 -1 -1 
-1 1 -1 -1 1 1 1 -1 -1 -1 -1 -1 1 -1 
1 -1 -1 -1 -1 -1 1 -1 1 1 1 -1 1 -1 
BrutForce Method: Imbalance = 2 --------- S = 3 13 



-1 1 1 1 1 1 1 1 1 -1 -1 -1 1 -1 
1 1 -1 1 1 -1 1 -1 1 -1 -1 1 1 1 
1 -1 1 -1 -1 -1 1 -1 1 1 -1 -1 1 -1 
-1 -1 1 -1 1 -1 -1 -1 1 1 1 -1 1 -1 
-1 -1 -1 -1 -1 1 -1 -1 1 -1 -1 -1 -1 1 
-1 -1 1 -1 -1 -1 -1 1 1 -1 1 -1 -1 1 
1 -1 1 -1 1 1 -1 1 1 -1 1 1 -1 1 
-1 1 1 1 -1 1 1 1 1 -1 1 1 -1 1 
-1 1 -1 1 1 -1 1 1 1 1 -1 -1 1 1 
1 -1 -1 -1 -1 1 -1 -1 1 1 1 -1 1 -1 
BrutForce Method: Imbalance = 4 --------- S = 7 11 



-1 1 -1 1 1 1 -1 -1 -1 -1 -1 -1 -1 -1 
1 1 -1 -1 -1 -1 -1 1 1 1 -1 -1 1 -1 
-1 -1 -1 -1 1 -1 1 1 1 -1 1 -1 -1 -1 
-1 -1 1 1 1 1 -1 -1 1 1 -1 -1 1 1 
1 -1 1 -1 1 1 -1 -1 -1 1 -1 1 1 1 
1 -1 1 1 1 -1 1 -1 1 1 1 -1 -1 1 
-1 1 1 1 -1 1 -1 1 1 -1 -1 -1 1 1 
1 1 -1 1 -1 1 -1 -1 -1 1 -1 1 1 -1 
-1 1 -1 1 1 -1 -1 -1 1 -1 1 -1 -1 1 
-1 -1 1 -1 -1 1 -1 -1 1 -1 1 1 1 -1 
BrutForce Method: Imbalance = 2 --------- S = 2 5 6 8 10 11 



1 1 -1 1 -1 1 1 -1 1 -1 -1 1 -1 -1 
1 -1 -1 1 -1 -1 -1 -1 -1 -1 -1 -1 1 1 
1 -1 -1 1 1 1 -1 -1 1 -1 -1 -1 1 -1 
1 1 1 -1 1 1 -1 -1 1 -1 1 -1 1 1 
-1 -1 -1 -1 1 -1 -1 1 1 -1 1 -1 -1 1 
-1 1 1 -1 -1 1 -1 -1 1 1 1 1 1 -1 
1 1 -1 -1 -1 -1 -1 -1 1 1 1 1 -1 -1 
-1 -1 1 -1 -1 -1 -1 1 1 1 -1 1 1 1 
-1 -1 1 1 1 -1 -1 1 1 -1 1 1 -1 -1 
-1 -1 -1 -1 -1 1 -1 1 1 -1 -1 1 -1 1 
BrutForce Method: Imbalance = 2 --------- S = 1 8 



1 1 1 -1 -1 -1 -1 -1 1 -1 1 -1 1 -1 
1 1 1 1 1 -1 -1 -1 1 -1 1 -1 1 1 
1 1 1 1 -1 1 -1 -1 1 -1 -1 1 -1 1 
1 1 1 -1 -1 -1 -1 1 -1 -1 1 1 -1 -1 
-1 -1 1 -1 -1 -1 -1 -1 1 -1 1 1 1 1 
1 -1 -1 1 -1 -1 1 1 -1 1 -1 1 -1 -1 
-1 1 1 -1 1 -1 -1 1 -1 -1 -1 1 -1 1 
1 -1 1 -1 1 -1 1 1 -1 -1 -1 -1 -1 -1 
-1 -1 1 1 1 -1 -1 1 1 1 1 1 1 -1 
-1 1 1 -1 1 -1 -1 1 1 -1 1 1 1 1 
BrutForce Method: Imbalance = 2 --------- S = 3 7 



-1 -1 1 -1 -1 -1 -1 -1 -1 -1 1 -1 1 -1 
-1 -1 -1 -1 -1 -1 -1 1 -1 -1 -1 -1 1 1 
1 1 -1 -1 -1 1 -1 -1 1 -1 -1 -1 1 -1 
1 1 -1 1 1 -1 1 1 1 -1 1 1 1 1 
1 -1 1 -1 -1 1 -1 -1 1 1 1 -1 1 -1 
-1 1 1 1 -1 -1 -1 -1 -1 1 -1 -1 -1 -1 
1 1 -1 -1 1 1 1 -1 1 1 -1 -1 1 -1 
1 -1 1 -1 -1 1 -1 1 -1 1 -1 1 1 1 
1 -1 -1 1 -1 -1 1 -1 1 1 1 -1 -1 1 
1 1 1 1 1 -1 1 -1 1 1 1 1 -1 1 
BrutForce Method: Imbalance = 2 --------- S = 4 13 



-1 1 1 1 1 -1 1 1 1 1 -1 1 -1 1 
-1 -1 -1 -1 1 -1 1 -1 1 1 -1 1 1 1 
-1 -1 1 1 1 1 1 -1 1 -1 1 1 -1 1 
1 -1 -1 -1 1 -1 -1 1 -1 -1 1 -1 1 -1 
1 -1 1 1 1 1 1 -1 -1 -1 1 -1 1 -1 
1 1 1 -1 -1 1 1 -1 1 1 1 -1 1 -1 
1 -1 -1 1 -1 -1 -1 1 1 -1 -1 1 1 1 
-1 -1 -1 1 -1 -1 1 -1 -1 1 -1 -1 1 -1 
-1 -1 -1 1 1 -1 -1 1 -1 1 -1 1 1 -1 
1 1 1 -1 -1 -1 -1 1 1 -1 -1 1 1 1 
BrutForce Method: Imbalance = 2 --------- S = 7 8 



-1 -1 1 -1 1 -1 -1 -1 1 -1 1 1 1 -1 
-1 -1 1 1 1 -1 -1 1 -1 -1 -1 1 -1 1 
-1 -1 -1 1 1 1 1 -1 -1 -1 1 1 -1 1 
1 -1 -1 1 -1 1 1 -1 -1 -1 -1 -1 -1 -1 
-1 -1 1 1 -1 1 -1 -1 1 -1 1 -1 1 1 
-1 -1 1 -1 -1 1 1 1 1 1 1 1 1 -1 
-1 1 1 -1 1 -1 1 1 -1 -1 1 1 -1 -1 
-1 1 1 -1 1 -1 1 -1 -1 -1 -1 -1 1 1 
1 1 1 -1 -1 1 -1 -1 1 -1 -1 -1 1 1 
1 -1 -1 -1 1 1 -1 -1 1 1 1 1 1 -1 
BrutForce Method: Imbalance = 0 --------- S = 1 3 4 5 7 9 



-1 1 -1 -1 -1 1 -1 -1 1 -1 1 -1 1 -1 
-1 -1 1 1 1 -1 -1 -1 1 1 1 1 -1 1 
-1 1 -1 1 1 -1 1 1 -1 1 -1 1 -1 -1 
-1 1 -1 1 -1 1 -1 -1 -1 -1 -1 1 1 -1 
-1 1 1 1 -1 1 1 -1 -1 1 1 1 1 -1 
-1 -1 1 -1 1 -1 -1 -1 -1 -1 1 -1 -1 1 
1 -1 -1 -1 -1 -1 1 -1 1 -1 1 -1 -1 1 
1 1 1 -1 1 1 1 -1 1 1 -1 -1 -1 -1 
1 -1 1 1 1 -1 -1 1 -1 -1 -1 -1 1 -1 
-1 -1 -1 1 -1 -1 1 1 -1 -1 -1 -1 1 -1 
BrutForce Method: Imbalance = 4 --------- S = 4 9 



-1 1 1 -1 -1 1 -1 1 -1 1 -1 1 -1 1 
1 1 -1 -1 1 -1 -1 1 1 -1 1 1 -1 1 
1 -1 1 -1 -1 -1 -1 1 -1 1 -1 -1 1 1 
1 -1 1 1 -1 1 1 1 1 -1 -1 1 1 -1 
-1 1 1 1 1 -1 1 -1 1 1 1 1 -1 -1 
-1 1 -1 -1 1 -1 -1 -1 -1 -1 -1 1 1 1 
1 1 1 1 1 -1 -1 1 1 -1 1 1 1 -1 
-1 -1 1 -1 -1 -1 -1 -1 -1 1 1 1 1 1 
1 1 1 -1 -1 1 -1 1 1 1 -1 -1 -1 1 
1 -1 1 1 -1 1 1 1 -1 1 1 -1 -1 1 
BrutForce Method: Imbalance = 2 --------- S = 5 6 10 13 



1 1 1 -1 -1 -1 1 -1 -1 -1 1 1 1 -1 
-1 1 1 1 -1 1 1 -1 1 -1 -1 1 -1 -1 
1 -1 -1 -1 1 -1 1 1 1 -1 1 1 -1 -1 
-1 1 1 1 -1 1 -1 -1 -1 -1 1 1 1 1 
1 1 1 1 1 -1 -1 -1 -1 -1 -1 1 1 1 
-1 1 -1 1 1 1 -1 -1 -1 1 -1 -1 -1 -1 
1 1 -1 1 -1 -1 1 -1 1 -1 -1 -1 1 -1 
-1 1 -1 1 1 -1 1 -1 -1 -1 -1 1 -1 -1 
-1 -1 -1 -1 -1 -1 1 1 -1 -1 1 1 -1 -1 
-1 -1 -1 1 -1 1 1 -1 1 1 1 -1 -1 -1 
BrutForce Method: Imbalance = 2 --------- S = 2 8 



1 1 1 1 1 -1 -1 1 -1 1 1 -1 1 1 
-1 -1 -1 1 1 1 1 -1 1 -1 -1 -1 1 1 
1 -1 -1 1 -1 1 1 -1 -1 -1 -1 1 1 1 
-1 -1 -1 1 -1 -1 -1 -1 -1 1 -1 1 -1 -1 
1 1 -1 -1 1 -1 -1 -1 -1 -1 1 -1 1 1 
1 -1 1 -1 1 -1 1 1 -1 1 1 1 -1 -1 
-1 -1 -1 -1 1 -1 -1 1 -1 -1 -1 -1 -1 1 
-1 1 1 -1 -1 1 -1 -1 -1 1 -1 1 -1 1 
-1 -1 -1 -1 -1 -1 1 -1 1 1 -1 1 1 -1 
1 1 -1 -1 1 -1 1 1 -1 1 -1 -1 1 1 
BrutForce Method: Imbalance = 2 --------- S = 5 12 



1 1 1 1 -1 1 -1 1 1 -1 1 -1 1 1 
-1 -1 -1 -1 -1 -1 1 1 -1 1 1 1 1 1 
-1 1 1 1 -1 1 -1 1 1 1 -1 1 -1 -1 
1 -1 -1 -1 1 1 -1 1 1 -1 -1 1 -1 -1 
-1 1 1 -1 -1 1 -1 -1 -1 1 1 1 1 -1 
1 -1 -1 -1 1 1 -1 1 1 -1 -1 -1 -1 -1 
-1 1 1 -1 -1 -1 -1 -1 -1 1 -1 1 -1 1 
1 1 1 1 1 1 1 -1 1 1 -1 1 1 -1 
-1 1 1 1 -1 1 -1 1 -1 -1 1 -1 -1 -1 
1 -1 1 -1 1 -1 1 -1 1 -1 -1 -1 1 -1 
BrutForce Method: Imbalance = 4 --------- S = 2 5 



1 -1 -1 1 1 -1 1 1 1 1 1 1 -1 1 
1 -1 -1 1 1 1 1 -1 -1 -1 -1 -1 -1 1 
-1 1 -1 1 -1 -1 -1 -1 -1 1 1 1 1 -1 
-1 1 -1 -1 1 -1 1 -1 -1 1 -1 1 1 1 
-1 -1 1 -1 -1 1 1 1 -1 -1 -1 -1 -1 1 
-1 1 -1 -1 -1 1 1 -1 1 -1 -1 1 -1 1 
-1 1 1 -1 -1 1 -1 1 1 -1 -1 -1 -1 -1 
1 -1 -1 1 1 1 -1 -1 1 1 1 1 -1 -1 
-1 1 -1 1 1 1 -1 -1 1 1 1 1 -1 1 
1 -1 1 -1 -1 1 1 1 -1 -1 -1 -1 1 -1 
BrutForce Method: Imbalance = 2 --------- S = 1 2 



1 1 -1 1 1 -1 1 1 -1 -1 -1 1 -1 1 
1 -1 -1 1 1 1 1 1 1 -1 -1 -1 1 1 
-1 1 -1 -1 1 -1 1 -1 -1 1 -1 -1 1 1 
-1 1 -1 1 1 1 1 1 1 -1 -1 -1 -1 1 
1 -1 1 1 -1 -1 -1 -1 1 -1 -1 1 1 -1 
1 1 -1 -1 1 1 -1 1 -1 1 -1 1 -1 1 
-1 -1 1 1 1 -1 -1 -1 -1 -1 1 -1 -1 -1 
1 1 1 -1 -1 -1 1 1 1 1 -1 -1 1 1 
1 1 -1 1 1 1 -1 -1 -1 1 1 1 -1 1 
1 -1 1 -1 1 -1 1 -1 -1 -1 1 1 -1 -1 
BrutForce Method: Imbalance = 2 --------- S = 3 14 



1 1 -1 -1 -1 1 -1 1 -1 1 -1 -1 -1 -1 
-1 1 1 1 1 1 1 -1 -1 -1 -1 -1 1 1 
1 1 -1 -1 1 -1 1 -1 1 -1 -1 -1 1 1 
1 -1 -1 -1 -1 1 1 1 -1 -1 -1 -1 1 1 
1 -1 -1 -1 -1 -1 1 1 1 1 1 1 1 -1 
-1 1 -1 1 1 -1 -1 -1 -1 1 -1 -1 1 1 
1 -1 -1 -1 1 1 1 -1 -1 1 1 -1 1 -1 
1 -1 -1 1 -1 1 -1 1 -1 1 1 -1 -1 -1 
-1 1 1 1 -1 1 1 1 1 1 1 -1 1 -1 
-1 -1 1 -1 -1 1 -1 1 1 -1 1 -1 -1 1 
BrutForce Method: Imbalance = 0 --------- S = 5 8 



1 -1 1 -1 -1 1 -1 -1 -1 -1 -1 -1 1 -1 
-1 -1 -1 1 1 1 -1 1 1 -1 1 1 1 1 
1 -1 1 -1 -1 1 -1 -1 1 1 1 1 -1 -1 
-1 -1 1 1 1 1 1 1 1 -1 1 -1 1 -1 
1 1 -1 1 -1 1 1 -1 -1 -1 -1 1 -1 -1 
-1 1 1 -1 1 1 1 -1 1 -1 1 1 -1 -1 
1 -1 -1 -1 1 -1 1 -1 -1 -1 1 -1 -1 1 
1 1 -1 1 1 -1 1 -1 -1 -1 1 -1 -1 1 
1 -1 -1 -1 1 1 -1 -1 -1 1 -1 -1 -1 1 
1 -1 -1 1 -1 -1 1 1 1 -1 1 -1 1 1 
BrutForce Method: Imbalance = 2 --------- S = 1 5 12 13 



-1 -1 -1 1 1 -1 1 1 1 1 1 1 -1 -1 
-1 1 -1 1 -1 1 -1 -1 -1 -1 -1 -1 -1 -1 
-1 -1 1 1 -1 -1 1 1 -1 -1 1 1 -1 1 
-1 -1 1 -1 -1 -1 -1 -1 1 1 -1 -1 -1 1 
1 -1 -1 -1 1 -1 1 -1 1 1 -1 1 1 -1 
-1 1 -1 -1 -1 -1 -1 -1 1 -1 -1 -1 -1 1 
-1 -1 1 -1 1 1 1 -1 -1 1 1 1 1 1 
-1 -1 -1 1 -1 -1 1 1 -1 1 -1 1 -1 1 
1 1 1 1 1 1 -1 -1 1 -1 -1 1 1 1 
-1 1 1 1 1 1 1 1 -1 -1 -1 -1 -1 -1 
BrutForce Method: Imbalance = 2 --------- S = 2 10 



1 1 -1 -1 1 1 1 -1 1 1 -1 -1 -1 -1 
1 -1 1 -1 1 1 -1 1 -1 1 1 1 -1 -1 
1 1 1 1 1 -1 -1 1 1 1 1 1 -1 1 
1 1 1 1 -1 -1 -1 1 1 1 -1 -1 1 -1 
1 1 1 -1 1 -1 -1 -1 -1 -1 -1 1 -1 1 
1 1 -1 1 -1 1 1 1 1 -1 -1 1 -1 -1 
1 1 -1 -1 -1 -1 -1 -1 -1 1 1 1 -1 -1 
-1 -1 1 1 -1 1 -1 -1 1 1 -1 1 1 -1 
1 -1 1 -1 -1 -1 -1 -1 1 1 -1 -1 1 1 
1 1 1 1 -1 1 1 -1 -1 -1 1 1 -1 -1 
BrutForce Method: Imbalance = 4 --------- S = 3 7 



-1 1 1 -1 -1 1 1 -1 -1 -1 -1 -1 1 -1 
1 1 -1 1 -1 1 1 -1 -1 1 1 -1 1 1 
-1 1 1 1 -1 1 -1 1 1 1 -1 1 -1 1 
1 1 1 1 -1 1 -1 -1 1 -1 1 1 1 1 
1 -1 1 1 1 1 -1 -1 1 1 1 1 -1 1 
1 -1 1 1 -1 1 1 1 -1 1 1 -1 -1 -1 
-1 -1 1 1 -1 -1 1 1 -1 -1 -1 -1 -1 1 
-1 1 -1 1 1 1 1 -1 -1 1 1 1 1 -1 
-1 1 -1 1 -1 -1 -1 1 1 1 1 -1 -1 1 
1 1 -1 -1 1 1 1 1 -1 -1 -1 -1 1 1 
BrutForce Method: Imbalance = 0 --------- S = 7 9 



-1 -1 -1 -1 1 -1 -1 -1 -1 1 1 -1 1 -1 
-1 -1 1 1 -1 1 1 1 -1 1 1 1 -1 -1 
-1 -1 1 -1 -1 -1 1 1 -1 1 1 -1 1 1 
1 -1 1 1 1 1 1 -1 -1 1 -1 1 1 -1 
1 1 1 1 1 -1 -1 1 -1 -1 1 -1 1 1 
1 -1 1 -1 1 -1 -1 1 -1 -1 1 -1 -1 1 
-1 -1 1 1 -1 1 1 -1 -1 1 1 -1 1 -1 
-1 1 1 1 1 1 1 -1 1 1 -1 -1 1 1 
1 -1 1 1 1 1 -1 -1 -1 -1 -1 1 1 -1 
-1 1 1 1 -1 -1 1 1 -1 -1 -1 -1 1 -1 
BrutForce Method: Imbalance = 4 --------- S = 1 7 



-1 1 -1 -1 1 1 1 -1 1 -1 1 -1 1 1 
1 -1 1 -1 1 1 -1 -1 1 -1 -1 -1 -1 -1 
1 -1 -1 1 1 1 -1 1 -1 1 -1 1 1 -1 
-1 -1 1 1 -1 1 1 -1 1 1 -1 1 1 -1 
-1 -1 1 1 1 1 1 -1 -1 1 1 -1 -1 1 
1 1 -1 1 1 -1 -1 -1 1 -1 1 -1 1 -1 
-1 -1 -1 1 1 1 1 -1 -1 -1 1 -1 1 -1 
1 -1 1 1 -1 1 1 -1 -1 -1 1 -1 -1 -1 
1 1 -1 1 -1 -1 -1 1 1 1 -1 1 -1 -1 
1 -1 -1 -1 1 -1 1 1 1 1 -1 1 1 1 
BrutForce Method: Imbalance = 2 --------- S = 6 8 9 11 



-1 1 -1 1 1 -1 1 1 -1 -1 1 1 1 -1 
-1 -1 -1 1 1 -1 1 1 1 1 1 1 -1 1 
1 1 1 1 1 -1 1 -1 1 1 -1 -1 -1 1 
-1 1 1 -1 -1 -1 -1 -1 -1 1 1 1 -1 -1 
-1 1 1 1 -1 -1 1 1 -1 -1 -1 -1 -1 -1 
1 -1 1 1 1 -1 -1 -1 -1 -1 -1 1 -1 1 
1 -1 -1 -1 1 1 1 1 -1 1 -1 -1 1 1 
1 -1 1 -1 -1 -1 1 -1 1 1 1 1 1 1 
-1 1 1 -1 1 1 -1 -1 -1 -1 1 1 1 1 
-1 1 -1 -1 1 -1 -1 1 -1 -1 1 1 1 -1 
BrutForce Method: Imbalance = 2 --------- S = 3 8 



-1 -1 1 -1 1 1 -1 -1 -1 1 -1 1 -1 1 
-1 1 1 1 -1 1 -1 1 1 -1 -1 1 -1 -1 
1 -1 -1 -1 -1 1 1 -1 1 -1 -1 1 -1 -1 
-1 1 1 -1 -1 1 -1 -1 -1 1 -1 -1 -1 -1 
-1 -1 -1 -1 -1 -1 -1 1 1 -1 -1 1 -1 -1 
-1 -1 -1 -1 1 -1 -1 1 1 1 -1 -1 -1 -1 
1 1 -1 1 -1 -1 1 -1 -1 -1 -1 -1 -1 1 
1 -1 -1 -1 1 -1 -1 1 1 1 1 -1 -1 -1 
1 -1 1 -1 1 1 1 1 -1 -1 -1 -1 1 -1 
1 1 1 -1 1 -1 -1 -1 -1 -1 1 1 1 -1 
BrutForce Method: Imbalance = 4 --------- S = 3 9 



1 1 -1 1 1 -1 1 1 1 -1 -1 1 1 -1 
1 1 1 1 1 1 -1 1 -1 -1 -1 1 -1 -1 
1 -1 -1 -1 -1 -1 1 1 1 -1 -1 -1 1 1 
-1 1 1 -1 1 1 -1 -1 1 -1 1 -1 1 1 
-1 -1 1 1 -1 -1 -1 -1 1 -1 1 1 -1 -1 
-1 1 -1 1 1 1 1 -1 -1 1 1 -1 1 -1 
1 1 -1 1 -1 -1 -1 1 1 1 -1 1 1 -1 
-1 1 1 1 1 1 1 1 1 -1 -1 1 1 1 
-1 1 -1 -1 1 -1 -1 -1 1 1 -1 1 -1 1 
-1 1 -1 1 1 -1 1 1 -1 -1 1 1 -1 1 
BrutForce Method: Imbalance = 4 --------- S = 1 11 



-1 1 -1 -1 1 -1 -1 1 1 -1 -1 1 1 -1 
-1 1 1 -1 -1 1 -1 1 -1 1 -1 1 -1 1 
1 1 1 1 1 -1 1 1 1 -1 -1 -1 1 -1 
1 -1 1 -1 -1 -1 -1 1 1 -1 -1 1 1 1 
1 -1 1 1 1 1 -1 1 -1 1 -1 1 1 -1 
1 1 1 -1 -1 1 1 1 -1 1 -1 1 1 1 
1 1 1 1 1 -1 1 1 -1 -1 -1 -1 1 1 
-1 1 1 1 -1 -1 -1 1 -1 1 1 -1 -1 -1 
1 -1 1 1 1 -1 -1 1 1 -1 1 -1 -1 -1 
-1 -1 1 1 1 1 1 -1 1 -1 -1 -1 -1 -1 
BrutForce Method: Imbalance = 2 --------- S = 9 10 



1 1 1 1 -1 -1 -1 1 -1 -1 -1 1 1 1 
1 -1 -1 -1 -1 -1 1 -1 1 1 1 -1 1 -1 
1 -1 -1 -1 1 1 1 -1 1 1 1 1 1 -1 
1 1 -1 -1 1 1 1 -1 -1 -1 1 -1 1 1 
-1 -1 1 1 1 1 1 -1 1 -1 -1 -1 1 -1 
1 1 1 -1 -1 -1 -1 1 -1 -1 1 -1 1 -1 
1 -1 1 1 -1 -1 -1 1 -1 1 -1 1 -1 1 
1 -1 1 1 1 -1 -1 1 -1 1 1 -1 1 1 
-1 1 1 -1 1 1 -1 1 1 1 1 -1 1 -1 
-1 -1 1 -1 -1 1 1 -1 -1 1 1 1 1 -1 
BrutForce Method: Imbalance = 0 --------- S = 7 8 



1 -1 1 1 -1 1 -1 1 -1 1 1 -1 -1 1 
1 1 1 1 1 -1 1 -1 -1 -1 -1 1 -1 1 
1 -1 -1 1 -1 -1 -1 -1 -1 -1 1 1 -1 -1 
1 -1 1 1 -1 1 1 -1 1 1 -1 1 1 1 
-1 -1 1 1 1 1 -1 1 1 -1 1 -1 1 -1 
1 -1 1 -1 -1 -1 1 1 1 1 -1 1 1 -1 
1 -1 -1 1 -1 -1 -1 1 -1 -1 1 -1 -1 -1 
-1 1 -1 -1 -1 -1 -1 1 -1 -1 1 1 1 1 
1 -1 1 1 1 1 -1 -1 -1 -1 1 -1 -1 -1 
-1 -1 1 -1 -1 -1 -1 1 -1 1 -1 1 1 1 
BrutForce Method: Imbalance = 2 --------- S = 7 11 



-1 1 1 -1 -1 1 -1 1 1 1 1 -1 1 -1 
1 -1 1 -1 1 1 -1 1 1 1 1 1 1 1 
-1 -1 -1 1 1 1 1 -1 -1 -1 -1 -1 -1 1 
1 -1 -1 1 -1 1 -1 -1 -1 1 -1 1 -1 -1 
1 1 1 1 -1 -1 -1 1 -1 1 -1 -1 1 -1 
-1 1 1 1 -1 1 1 1 1 -1 1 -1 -1 -1 
1 -1 1 1 -1 1 1 1 -1 1 -1 -1 1 -1 
-1 1 -1 -1 1 -1 1 -1 -1 -1 -1 -1 1 1 
1 1 1 1 -1 1 1 1 1 -1 -1 -1 -1 -1 
-1 -1 -1 1 1 -1 1 1 1 1 1 1 -1 -1 
BrutForce Method: Imbalance = 2 --------- S = 2 4 5 6 12 13 



1 1 -1 1 1 -1 -1 1 -1 -1 1 -1 1 -1 
-1 -1 -1 -1 1 1 -1 1 1 1 1 -1 1 -1 
-1 -1 1 1 1 1 -1 -1 -1 1 1 -1 1 -1 
-1 -1 1 1 -1 1 -1 -1 -1 -1 -1 -1 -1 -1 
1 1 1 -1 -1 1 1 -1 -1 1 1 1 1 -1 
1 -1 -1 -1 -1 1 -1 -1 1 -1 1 -1 1 1 
-1 -1 1 -1 -1 -1 -1 1 1 1 1 1 -1 -1 
1 -1 1 1 -1 1 -1 1 -1 1 -1 1 1 -1 
-1 -1 1 1 -1 -1 1 -1 -1 -1 1 -1 -1 -1 
-1 1 -1 -1 -1 -1 -1 -1 -1 -1 1 -1 -1 1 
BrutForce Method: Imbalance = 4 --------- S = 4 9 



-1 -1 1 -1 -1 -1 -1 -1 1 1 1 -1 -1 -1 
1 -1 1 1 1 1 1 -1 1 -1 1 1 1 -1 
1 -1 -1 1 1 -1 1 1 1 1 -1 -1 1 1 
1 1 -1 -1 1 -1 -1 1 -1 -1 -1 1 -1 -1 
1 -1 -1 -1 -1 1 1 1 -1 -1 -1 1 1 -1 
1 1 -1 1 1 1 1 -1 1 1 1 -1 -1 1 
-1 -1 -1 1 1 -1 -1 -1 1 -1 1 1 -1 1 
1 -1 -1 -1 1 -1 -1 1 -1 -1 -1 -1 -1 -1 
1 -1 1 -1 1 1 1 1 -1 1 1 1 -1 -1 
-1 -1 -1 1 1 -1 1 1 -1 -1 1 -1 -1 1 
BrutForce Method: Imbalance = 2 --------- S = 8 9 



-1 -1 -1 -1 1 1 1 -1 -1 1 1 1 -1 -1 
1 1 -1 -1 -1 1 -1 1 1 -1 -1 -1 1 1 
-1 1 1 1 -1 -1 1 -1 -1 -1 -1 -1 1 -1 
1 -1 -1 1 -1 1 -1 -1 -1 -1 -1 -1 1 -1 
-1 1 -1 -1 -1 1 -1 -1 1 -1 1 1 1 -1 
1 1 -1 1 -1 -1 1 -1 1 -1 1 -1 1 1 
-1 1 -1 1 1 -1 -1 -1 1 1 -1 -1 1 1 
1 -1 1 -1 1 1 1 1 -1 -1 -1 1 1 -1 
-1 1 -1 -1 1 1 -1 -1 1 1 1 -1 -1 -1 
1 -1 -1 1 1 1 -1 1 1 -1 1 1 -1 1 
BrutForce Method: Imbalance = 2 --------- S = 3 4 6 10 11 13 



-1 1 -1 -1 1 1 1 1 -1 1 -1 1 1 -1 
1 -1 -1 -1 1 -1 1 1 1 1 -1 -1 1 -1 
-1 1 -1 1 -1 1 -1 -1 1 -1 -1 -1 -1 -1 
1 1 1 1 1 -1 -1 1 -1 1 1 -1 -1 -1 
-1 1 1 -1 -1 1 1 -1 -1 -1 -1 1 -1 1 
-1 1 1 -1 1 1 -1 1 -1 1 1 1 -1 1 
-1 1 1 1 -1 -1 1 1 1 1 -1 -1 1 -1 
-1 -1 -1 1 1 1 -1 -1 1 1 1 -1 -1 1 
1 -1 1 -1 1 1 -1 1 1 -1 -1 1 1 -1 
-1 -1 1 1 1 1 1 1 1 1 -1 -1 1 -1 
BrutForce Method: Imbalance = 0 --------- S = 1 2 6 7 9 11 



-1 1 -1 1 -1 -1 -1 -1 -1 -1 1 -1 -1 -1 
-1 1 -1 -1 1 -1 -1 1 1 1 1 -1 1 1 
-1 1 -1 -1 1 -1 -1 1 -1 1 1 1 1 -1 
1 -1 1 1 1 -1 1 -1 1 1 1 1 -1 -1 
1 -1 1 1 1 1 -1 -1 1 -1 -1 1 1 1 
-1 1 -1 -1 -1 1 1 -1 1 -1 -1 -1 1 -1 
1 1 1 -1 1 1 -1 1 1 1 1 -1 -1 1 
1 -1 1 1 -1 1 1 1 -1 1 -1 1 -1 -1 
1 -1 1 1 -1 -1 -1 -1 1 -1 1 1 1 -1 
1 1 -1 -1 1 1 1 1 -1 -1 -1 1 -1 1 
BrutForce Method: Imbalance = 2 --------- S = 2 3 



1 1 1 -1 1 1 1 -1 -1 1 -1 1 1 1 
-1 1 1 1 1 1 -1 -1 1 -1 1 -1 -1 1 
-1 -1 1 1 -1 -1 -1 1 1 1 -1 -1 -1 1 
1 1 1 -1 -1 -1 1 -1 1 1 1 1 -1 1 
-1 1 1 1 1 -1 -1 1 -1 1 -1 -1 -1 1 
1 1 1 -1 1 -1 1 1 -1 1 1 -1 -1 1 
1 1 -1 1 1 -1 -1 -1 1 -1 1 1 1 -1 
1 -1 1 1 -1 -1 1 1 1 -1 1 1 -1 -1 
-1 -1 1 1 -1 1 -1 -1 -1 1 1 -1 -1 1 
-1 -1 -1 1 -1 -1 1 1 -1 -1 -1 -1 -1 -1 
BrutForce Method: Imbalance = 2 --------- S = 4 7 13 14 



1 -1 -1 -1 1 -1 -1 -1 -1 1 1 1 1 -1 
-1 1 1 -1 1 1 1 -1 1 1 1 1 1 1 
1 1 -1 -1 1 1 -1 -1 -1 -1 -1 -1 1 1 
-1 -1 1 1 1 -1 -1 -1 -1 -1 1 1 1 1 
-1 -1 1 -1 -1 -1 -1 -1 -1 -1 -1 -1 -1 1 
1 1 1 -1 -1 -1 -1 -1 1 -1 1 1 -1 1 
-1 1 -1 1 -1 -1 -1 1 1 -1 -1 -1 1 1 
-1 -1 1 1 -1 -1 -1 -1 -1 -1 1 -1 1 1 
1 1 1 -1 -1 -1 -1 -1 -1 1 -1 1 1 -1 
1 -1 -1 1 -1 -1 -1 -1 -1 -1 -1 1 -1 -1 
BrutForce Method: Imbalance = 2 --------- S = 1 4 10 14 



-1 1 -1 1 -1 1 1 1 -1 -1 1 1 -1 -1 
1 -1 1 -1 -1 1 1 1 1 -1 1 -1 1 1 
-1 1 -1 -1 -1 1 1 -1 1 1 1 1 1 1 
-1 -1 1 -1 1 -1 -1 1 -1 1 -1 -1 -1 1 
-1 1 -1 -1 1 -1 1 -1 1 -1 -1 -1 -1 -1 
1 1 1 1 -1 1 -1 -1 1 -1 1 1 1 1 
1 1 1 1 1 1 -1 1 1 1 -1 1 1 1 
-1 -1 1 1 -1 -1 1 1 -1 -1 1 -1 -1 -1 
-1 -1 -1 -1 1 1 1 -1 1 -1 1 -1 -1 1 
-1 1 -1 1 1 1 1 -1 -1 -1 -1 1 -1 -1 
BrutForce Method: Imbalance = 2 --------- S = 5 11 



1 1 -1 -1 -1 1 -1 1 -1 -1 -1 1 -1 -1 
-1 1 -1 -1 1 -1 -1 -1 -1 -1 1 1 -1 -1 
1 -1 -1 1 1 -1 1 1 -1 -1 1 -1 1 -1 
1 -1 1 1 1 -1 -1 -1 -1 -1 1 1 -1 -1 
-1 -1 -1 1 -1 -1 -1 1 1 -1 -1 -1 1 -1 
-1 -1 1 1 -1 -1 1 1 -1 -1 1 -1 1 -1 
-1 -1 -1 -1 -1 1 1 -1 -1 -1 1 -1 1 1 
1 1 -1 1 -1 1 -1 -1 -1 1 -1 -1 -1 1 
-1 1 -1 1 -1 1 1 1 1 1 -1 1 -1 1 
1 1 1 -1 -1 1 1 1 1 1 -1 -1 -1 -1 
BrutForce Method: Imbalance = 2 --------- S = 2 13 



-1 1 1 -1 -1 -1 1 1 -1 1 -1 1 1 1 
-1 -1 1 1 -1 -1 -1 1 1 1 1 1 1 -1 
1 1 -1 1 -1 -1 -1 -1 -1 1 1 -1 1 1 
1 1 -1 -1 1 1 -1 -1 -1 1 -1 1 1 -1 
1 1 -1 -1 1 -1 -1 -1 -1 1 -1 -1 1 1 
-1 1 1 -1 -1 -1 1 -1 1 -1 1 -1 -1 1 
1 -1 -1 -1 -1 -1 -1 -1 -1 1 -1 -1 -1 1 
-1 1 -1 1 1 -1 1 1 -1 -1 1 -1 1 1 
1 -1 1 -1 -1 -1 1 1 1 -1 1 1 -1 -1 
-1 1 1 1 -1 -1 1 1 1 -1 -1 1 1 -1 
BrutForce Method: Imbalance = 2 --------- S = 7 10 



1 -1 -1 1 1 -1 -1 -1 1 -1 -1 -1 -1 1 
1 1 -1 1 -1 -1 -1 1 -1 -1 1 -1 1 1 
-1 -1 1 -1 -1 1 1 1 1 -1 1 -1 1 -1 
-1 -1 -1 -1 -1 1 -1 -1 -1 1 -1 1 1 1 
1 -1 1 1 1 1 1 -1 -1 1 1 1 -1 -1 
1 1 1 -1 -1 1 -1 1 1 -1 -1 -1 -1 1 
1 1 1 1 1 -1 -1 -1 -1 -1 1 1 1 1 
1 -1 -1 1 1 -1 -1 -1 1 -1 -1 -1 1 1 
-1 1 -1 -1 -1 1 -1 -1 1 1 -1 1 -1 -1 
-1 -1 -1 1 -1 -1 1 1 1 1 1 1 -1 1 
BrutForce Method: Imbalance = 2 --------- S = 4 6 



1 -1 -1 -1 1 1 -1 1 1 1 -1 -1 -1 1 
1 -1 -1 -1 -1 1 -1 -1 -1 -1 -1 -1 -1 1 
1 1 -1 -1 1 -1 1 -1 1 1 -1 1 1 -1 
-1 -1 -1 -1 1 1 -1 -1 -1 1 -1 1 -1 1 
-1 1 1 1 -1 1 -1 1 -1 1 1 1 -1 1 
1 1 1 -1 -1 1 -1 1 1 1 -1 1 -1 1 
1 -1 1 -1 1 -1 -1 1 1 1 -1 1 1 1 
1 -1 1 1 -1 1 1 1 -1 -1 1 -1 -1 1 
1 1 -1 -1 -1 -1 1 -1 1 1 1 -1 -1 -1 
1 -1 1 1 1 -1 1 1 1 1 -1 -1 -1 -1 
BrutForce Method: Imbalance = 2 --------- S = 7 14 



-1 -1 -1 1 -1 -1 -1 1 1 1 -1 -1 1 1 
-1 1 -1 -1 1 1 1 -1 -1 1 1 -1 1 1 
-1 1 1 1 1 1 -1 -1 1 -1 -1 1 1 1 
-1 1 1 -1 -1 -1 -1 1 -1 -1 -1 -1 1 -1 
-1 1 1 -1 -1 1 1 1 -1 1 1 -1 -1 -1 
1 1 -1 -1 1 -1 1 1 1 -1 -1 1 1 1 
-1 1 -1 1 -1 -1 -1 1 1 -1 1 -1 -1 -1 
1 -1 -1 1 -1 1 -1 1 1 -1 -1 -1 -1 1 
-1 1 1 -1 -1 1 -1 1 1 -1 1 -1 1 -1 
1 1 -1 1 -1 -1 1 -1 1 -1 1 1 1 -1 
BrutForce Method: Imbalance = 4 --------- S = 5 8 



-1 -1 -1 1 1 1 -1 -1 1 1 -1 1 1 1 
-1 1 -1 1 1 -1 1 1 -1 1 1 1 -1 -1 
1 1 1 1 -1 1 -1 -1 1 1 1 -1 -1 -1 
1 1 1 -1 1 -1 1 -1 -1 -1 1 1 -1 -1 
1 -1 -1 1 1 1 1 1 -1 -1 -1 1 -1 -1 
-1 -1 1 -1 1 1 -1 1 1 -1 1 1 1 1 
-1 -1 -1 1 -1 1 -1 -1 -1 1 -1 1 -1 1 
1 1 1 -1 -1 1 1 -1 1 -1 -1 -1 -1 -1 
1 -1 -1 1 -1 1 -1 -1 1 -1 -1 -1 1 -1 
1 1 -1 -1 -1 1 1 -1 -1 -1 1 1 1 1 
BrutForce Method: Imbalance = 2 --------- S = 3 4 7 13 



-1 -1 -1 1 -1 1 1 -1 -1 1 -1 -1 -1 1 
-1 1 -1 -1 1 1 1 -1 1 -1 1 -1 -1 -1 
1 1 -1 1 -1 1 1 -1 1 -1 -1 -1 -1 -1 
-1 -1 -1 1 1 -1 1 1 1 1 1 1 1 -1 
-1 -1 1 -1 -1 -1 -1 -1 1 1 -1 1 -1 1 
-1 1 1 1 -1 -1 1 -1 1 -1 -1 -1 1 1 
1 1 -1 1 -1 -1 1 -1 -1 -1 1 -1 -1 1 
-1 1 1 1 1 1 1 -1 1 -1 -1 -1 1 -1 
1 1 1 -1 -1 1 1 -1 1 -1 1 -1 1 1 
1 1 -1 1 1 1 -1 -1 -1 -1 -1 -1 -1 -1 
BrutForce Method: Imbalance = 0 --------- S = 2 10 



-1 1 -1 1 -1 1 -1 -1 1 1 1 1 1 1 
-1 1 1 1 -1 1 1 1 1 1 -1 -1 -1 1 
1 1 1 1 1 1 1 1 1 1 1 1 1 1 
1 1 -1 -1 -1 1 1 1 -1 1 -1 1 -1 -1 
-1 -1 -1 -1 1 1 -1 -1 1 1 -1 -1 -1 1 
-1 -1 -1 1 -1 1 -1 -1 -1 -1 1 -1 1 1 
1 1 -1 1 1 1 1 1 -1 -1 -1 -1 -1 1 
1 1 1 1 1 1 1 1 1 -1 1 1 -1 -1 
1 -1 -1 1 -1 1 -1 -1 -1 -1 -1 1 1 1 
1 1 -1 -1 -1 -1 -1 -1 -1 1 -1 1 -1 -1 
BrutForce Method: Imbalance = 6 --------- S = 1 9 



1 -1 -1 -1 -1 1 -1 -1 -1 -1 1 1 -1 -1 
1 1 1 1 1 -1 1 1 1 -1 -1 -1 1 -1 
-1 1 1 -1 -1 -1 -1 1 -1 1 -1 -1 1 1 
-1 -1 -1 1 -1 -1 1 -1 -1 -1 -1 -1 -1 -1 
1 1 -1 -1 -1 1 1 -1 -1 -1 1 1 -1 -1 
-1 1 1 1 1 1 1 1 1 -1 -1 -1 1 -1 
-1 1 -1 1 1 -1 1 1 1 1 1 1 1 1 
-1 1 1 1 1 1 1 -1 1 -1 -1 -1 -1 -1 
1 -1 -1 1 1 1 -1 -1 1 1 -1 -1 1 -1 
1 -1 -1 1 -1 1 -1 1 1 -1 -1 -1 1 -1 
BrutForce Method: Imbalance = 4 --------- S = 4 11 



-1 1 1 -1 -1 -1 -1 1 -1 -1 1 1 -1 -1 
-1 -1 -1 1 -1 1 1 -1 1 -1 1 1 1 1 
-1 -1 1 -1 -1 1 -1 1 -1 -1 1 1 1 -1 
1 -1 1 -1 1 -1 1 1 -1 1 1 -1 1 -1 
-1 1 -1 1 -1 1 -1 -1 -1 1 -1 -1 -1 -1 
1 1 -1 1 -1 1 -1 1 -1 1 -1 -1 -1 -1 
1 -1 -1 1 1 1 -1 -1 -1 -1 -1 1 1 1 
1 1 1 1 1 1 -1 1 -1 -1 1 -1 1 1 
1 -1 -1 -1 -1 1 1 1 1 -1 -1 1 1 -1 
-1 1 -1 1 1 1 1 1 -1 -1 1 -1 -1 1 
BrutForce Method: Imbalance = 2 --------- S = 2 3 6 7 10 12 



-1 1 1 -1 1 -1 1 1 -1 1 -1 1 1 -1 
1 1 1 -1 1 1 1 1 -1 -1 1 1 -1 1 
-1 1 -1 -1 1 -1 1 -1 1 -1 -1 1 1 -1 
1 1 1 -1 1 1 -1 1 1 1 1 -1 1 1 
1 1 1 -1 -1 -1 1 -1 1 1 1 1 1 -1 
-1 -1 -1 1 1 1 1 1 -1 -1 -1 1 1 1 
1 1 1 -1 1 -1 -1 1 -1 1 1 1 1 -1 
-1 -1 -1 1 -1 -1 1 -1 1 -1 1 -1 -1 -1 
1 1 1 -1 1 -1 -1 -1 -1 -1 1 -1 1 1 
1 -1 1 1 -1 1 -1 1 -1 1 -1 1 -1 1 
BrutForce Method: Imbalance = 0 --------- S = 2 4 



-1 1 1 1 1 1 1 -1 1 -1 -1 -1 -1 -1 
1 -1 -1 -1 -1 -1 -1 1 1 -1 -1 -1 1 -1 
1 -1 -1 -1 1 1 -1 1 -1 1 -1 -1 -1 -1 
1 -1 -1 -1 1 -1 1 -1 -1 -1 -1 -1 -1 1 
-1 1 1 1 -1 1 1 -1 1 1 1 -1 1 -1 
1 1 -1 1 -1 -1 1 -1 1 -1 -1 -1 1 1 
-1 -1 1 1 1 -1 -1 1 1 1 1 1 1 1 
1 -1 -1 -1 1 1 -1 1 1 -1 -1 1 1 -1 
-1 -1 -1 1 1 -1 -1 -1 1 1 1 -1 -1 -1 
1 -1 1 -1 -1 -1 1 -1 -1 -1 1 -1 1 -1 
BrutForce Method: Imbalance = 2 --------- S = 1 4 



-1 1 -1 -1 1 1 1 -1 -1 -1 1 -1 -1 -1 
1 1 1 1 1 1 -1 -1 -1 1 -1 -1 1 -1 
-1 1 1 1 -1 1 1 1 -1 1 1 -1 -1 1 
-1 -1 1 -1 -1 -1 -1 -1 1 1 1 -1 1 -1 
-1 -1 1 -1 1 -1 1 -1 -1 -1 -1 -1 -1 -1 
-1 1 1 -1 -1 -1 -1 -1 1 1 1 1 -1 1 
1 -1 -1 1 -1 1 -1 -1 -1 1 -1 1 1 -1 
-1 1 1 1 -1 1 -1 1 -1 1 1 1 -1 1 
-1 -1 1 1 1 -1 1 -1 1 -1 1 -1 -1 -1 
-1 1 1 1 -1 -1 1 1 1 1 1 -1 -1 -1 
BrutForce Method: Imbalance = 2 --------- S = 6 9 



-1 1 -1 1 -1 -1 1 1 1 -1 1 1 -1 -1 
-1 1 1 -1 1 1 1 -1 1 -1 -1 -1 -1 1 
1 1 -1 1 -1 -1 1 -1 -1 1 1 -1 1 1 
1 1 1 1 -1 -1 1 -1 1 1 1 1 1 -1 
-1 1 -1 1 -1 1 -1 1 1 -1 1 -1 1 -1 
1 -1 1 -1 1 1 1 1 1 -1 -1 -1 1 1 
-1 1 -1 1 -1 1 -1 1 1 -1 -1 -1 1 1 
-1 1 -1 -1 1 -1 -1 1 -1 -1 -1 1 -1 -1 
-1 -1 1 1 -1 -1 -1 1 -1 1 -1 -1 1 -1 
-1 -1 -1 1 1 -1 -1 1 1 1 1 -1 -1 1 
BrutForce Method: Imbalance = 2 --------- S = 4 5 



1 -1 1 -1 1 1 -1 -1 1 -1 1 -1 -1 -1 
1 1 1 1 -1 -1 -1 -1 -1 1 1 -1 -1 -1 
-1 1 1 1 -1 1 -1 -1 1 -1 -1 -1 -1 1 
1 -1 1 -1 -1 -1 -1 1 -1 1 -1 -1 1 -1 
1 1 1 1 1 -1 -1 -1 1 -1 -1 1 1 1 
-1 1 -1 -1 1 -1 -1 1 1 -1 1 1 -1 -1 
-1 -1 1 -1 1 -1 -1 -1 -1 -1 1 1 -1 -1 
-1 1 1 1 1 -1 -1 1 -1 -1 -1 1 -1 -1 
-1 -1 1 1 1 1 -1 1 1 -1 1 1 1 -1 
-1 -1 1 -1 1 -1 -1 -1 1 -1 1 1 -1 -1 
BrutForce Method: Imbalance = 2 --------- S = 3 7 



1 -1 -1 1 -1 1 1 1 -1 1 1 -1 -1 -1 
1 -1 1 -1 1 1 -1 1 -1 1 1 -1 -1 -1 
1 -1 1 -1 1 -1 -1 1 1 -1 1 1 1 -1 
-1 1 -1 1 -1 1 -1 -1 1 -1 -1 -1 1 1 
-1 -1 -1 1 -1 -1 1 1 -1 1 -1 -1 -1 -1 
-1 1 -1 -1 1 -1 1 -1 1 -1 1 1 1 -1 
-1 -1 1 1 1 -1 1 1 -1 -1 -1 -1 1 -1 
1 1 -1 1 1 -1 -1 -1 -1 1 1 1 1 1 
-1 1 1 1 -1 -1 -1 1 1 1 1 -1 1 1 
1 -1 -1 -1 1 1 -1 1 1 1 1 1 1 1 
BrutForce Method: Imbalance = 2 --------- S = 2 8 



1 1 1 -1 1 -1 1 -1 1 -1 1 -1 -1 -1 
1 -1 1 -1 -1 -1 -1 1 1 1 1 -1 -1 -1 
-1 -1 1 -1 -1 -1 -1 -1 1 -1 -1 1 -1 -1 
1 -1 -1 -1 -1 1 1 1 1 1 1 1 -1 -1 
-1 1 1 1 -1 1 -1 -1 -1 1 -1 1 1 -1 
1 1 -1 1 -1 -1 1 1 -1 -1 -1 1 1 1 
-1 -1 -1 1 -1 1 -1 -1 1 -1 -1 -1 -1 -1 
1 1 1 -1 -1 1 1 1 -1 1 -1 1 -1 1 
-1 1 -1 1 -1 1 -1 1 1 1 -1 -1 1 -1 
1 -1 -1 -1 1 -1 -1 -1 -1 1 -1 -1 1 -1 
BrutForce Method: Imbalance = 4 --------- S = 1 4 



-1 1 1 1 -1 1 1 -1 -1 -1 1 -1 -1 -1 
-1 -1 1 1 1 1 1 -1 -1 -1 1 -1 1 1 
1 1 1 1 1 -1 1 -1 1 -1 -1 1 1 -1 
-1 -1 1 -1 1 -1 -1 1 1 1 1 -1 1 -1 
1 -1 -1 1 -1 1 -1 -1 1 -1 1 1 -1 1 
-1 1 -1 1 -1 1 1 1 1 -1 1 1 -1 1 
-1 -1 1 1 -1 1 1 -1 -1 -1 1 -1 -1 -1 
1 -1 1 -1 -1 -1 1 1 1 -1 -1 -1 1 1 
1 -1 1 1 1 -1 -1 1 -1 1 1 1 -1 1 
-1 1 -1 -1 1 -1 1 -1 -1 1 -1 -1 1 1 
BrutForce Method: Imbalance = 2 --------- S = 1 6 7 10 



1 1 1 1 -1 1 -1 -1 1 -1 1 1 -1 -1 
-1 1 1 -1 1 -1 -1 -1 1 1 1 1 1 -1 
-1 -1 1 1 1 -1 -1 -1 1 1 -1 -1 -1 1 
-1 -1 1 1 1 -1 -1 -1 -1 1 -1 -1 1 1 
1 1 -1 1 1 1 -1 -1 -1 1 -1 -1 -1 -1 
1 1 1 -1 -1 -1 -1 -1 -1 1 1 -1 1 1 
-1 1 1 1 -1 -1 -1 1 1 1 -1 -1 1 1 
1 -1 -1 -1 1 -1 -1 1 1 -1 1 -1 -1 -1 
1 -1 -1 -1 1 -1 1 -1 1 -1 1 1 -1 1 
1 1 1 1 -1 -1 -1 -1 1 -1 1 1 1 -1 
BrutForce Method: Imbalance = 0 --------- S = 1 3 4 5 7 8 10 11 



1 1 1 1 -1 -1 1 -1 -1 -1 1 -1 -1 -1 
1 -1 1 -1 -1 1 1 1 1 -1 -1 -1 -1 -1 
1 1 1 1 -1 -1 1 1 -1 -1 1 -1 -1 -1 
1 1 1 1 -1 1 1 1 -1 1 -1 1 1 1 
-1 1 -1 -1 -1 1 -1 -1 1 -1 1 -1 -1 1 
1 -1 -1 -1 -1 1 1 1 1 1 1 1 -1 1 
1 -1 -1 1 -1 -1 -1 1 -1 1 1 1 -1 -1 
1 -1 1 1 1 -1 1 1 1 -1 -1 1 1 1 
-1 1 -1 1 -1 -1 -1 1 1 -1 -1 -1 -1 -1 
-1 1 1 1 1 -1 1 1 -1 -1 -1 1 -1 -1 
BrutForce Method: Imbalance = 2 --------- S = 4 6 



1 -1 1 -1 1 -1 1 -1 -1 1 1 1 1 -1 
1 -1 1 -1 -1 -1 1 1 -1 1 1 1 -1 1 
-1 -1 1 -1 1 -1 1 1 -1 1 -1 1 -1 1 
1 -1 1 -1 -1 1 1 1 1 1 1 1 -1 1 
1 -1 1 -1 -1 1 1 -1 1 -1 -1 1 1 -1 
-1 1 1 -1 1 -1 -1 -1 1 -1 -1 1 1 1 
-1 -1 1 1 1 -1 1 1 1 -1 1 1 1 1 
1 -1 -1 -1 1 -1 1 1 -1 1 -1 1 1 -1 
-1 -1 -1 -1 1 -1 1 1 1 -1 -1 1 -1 -1 
1 -1 -1 1 1 -1 -1 1 -1 1 -1 -1 1 1 
BrutForce Method: Imbalance = 2 --------- S = 5 6 



-1 -1 -1 1 -1 -1 1 1 1 1 1 1 -1 1 
1 1 -1 1 1 -1 1 1 -1 1 1 -1 -1 1 
-1 -1 1 1 -1 -1 -1 1 -1 1 1 1 1 1 
-1 -1 1 1 -1 -1 1 -1 -1 1 1 1 1 1 
-1 1 1 -1 -1 1 -1 1 -1 -1 -1 -1 -1 -1 
1 -1 1 1 1 -1 -1 1 1 1 -1 1 -1 -1 
1 -1 -1 1 1 -1 -1 -1 -1 -1 1 -1 1 1 
-1 1 -1 -1 -1 -1 -1 1 1 -1 -1 -1 1 1 
1 1 -1 1 1 1 1 1 1 -1 -1 1 -1 -1 
1 1 -1 -1 -1 -1 -1 1 1 -1 1 -1 -1 -1 
BrutForce Method: Imbalance = 4 --------- S = 2 4 



1 1 1 -1 -1 -1 1 -1 1 -1 -1 -1 -1 1 
-1 1 -1 -1 -1 1 1 -1 1 -1 1 -1 -1 1 
-1 -1 1 -1 -1 1 -1 -1 1 1 1 1 1 1 
-1 1 -1 1 1 -1 -1 -1 -1 -1 -1 -1 1 -1 
-1 -1 1 1 -1 1 -1 1 -1 -1 1 -1 -1 1 
-1 1 -1 -1 1 1 -1 1 -1 -1 -1 -1 1 1 
-1 1 -1 1 -1 -1 -1 -1 -1 -1 -1 -1 1 1 
-1 1 -1 1 1 1 1 -1 1 1 -1 -1 1 -1 
1 1 1 1 -1 1 1 1 1 1 1 -1 1 1 
-1 -1 1 -1 1 1 -1 1 1 1 1 1 -1 1 
BrutForce Method: Imbalance = 2 --------- S = 2 12 



-1 -1 -1 -1 1 -1 -1 -1 1 -1 -1 1 -1 -1 
-1 1 1 1 1 -1 -1 1 -1 1 -1 1 -1 -1 
-1 1 -1 -1 -1 1 -1 -1 1 -1 -1 -1 -1 1 
-1 1 -1 1 -1 1 1 -1 -1 1 -1 1 1 -1 
-1 1 1 1 -1 -1 1 -1 1 -1 -1 -1 1 -1 
-1 1 1 1 1 1 1 1 -1 -1 1 1 -1 1 
1 1 -1 1 1 -1 -1 1 -1 -1 -1 -1 -1 1 
-1 -1 -1 -1 1 -1 -1 1 -1 1 -1 -1 -1 1 
1 1 1 -1 1 -1 1 1 -1 -1 1 -1 1 -1 
-1 -1 1 1 1 -1 1 -1 -1 -1 -1 -1 1 1 
BrutForce Method: Imbalance = 2 --------- S = 2 5 9 10 13 14 



-1 1 -1 -1 1 1 1 1 -1 -1 -1 -1 1 1 
-1 -1 -1 1 1 -1 -1 -1 1 -1 -1 -1 -1 -1 
1 -1 -1 1 -1 1 -1 1 1 -1 -1 1 -1 1 
-1 -1 -1 -1 1 1 -1 -1 1 1 -1 -1 -1 1 
-1 1 1 -1 1 1 1 -1 -1 -1 -1 1 1 1 
-1 1 1 1 1 1 1 1 -1 -1 1 1 -1 1 
1 1 -1 -1 -1 1 -1 1 -1 1 -1 1 -1 1 
-1 1 -1 -1 -1 1 -1 1 -1 -1 1 -1 1 1 
-1 -1 -1 -1 1 1 1 1 -1 -1 -1 1 1 1 
1 1 -1 -1 -1 -1 1 1 -1 1 -1 -1 -1 1 
BrutForce Method: Imbalance = 2 --------- S = 1 5 



1 -1 -1 -1 1 1 1 1 -1 -1 1 -1 1 1 
-1 1 -1 -1 1 1 -1 1 -1 1 1 -1 1 -1 
-1 -1 1 -1 -1 -1 1 1 -1 -1 -1 -1 -1 1 
-1 1 1 -1 -1 -1 -1 -1 -1 1 -1 -1 -1 -1 
-1 1 -1 -1 1 -1 -1 1 -1 -1 1 1 -1 -1 
1 -1 -1 1 -1 -1 1 1 1 1 -1 1 -1 1 
-1 1 1 1 1 -1 -1 1 -1 -1 1 1 1 -1 
-1 1 -1 1 1 -1 1 1 1 1 -1 1 -1 1 
-1 -1 1 1 1 -1 -1 1 1 -1 -1 1 1 -1 
-1 -1 1 1 1 1 1 -1 -1 1 -1 1 -1 1 
BrutForce Method: Imbalance = 4 --------- S = 2 7 



1 1 -1 1 1 -1 1 1 -1 -1 -1 1 -1 -1 
-1 1 1 1 -1 1 1 -1 -1 1 1 -1 1 -1 
1 -1 -1 1 1 1 1 -1 1 -1 1 -1 1 -1 
1 -1 -1 -1 1 -1 -1 -1 -1 1 -1 -1 -1 -1 
-1 -1 1 1 1 -1 -1 1 1 1 1 -1 1 1 
1 1 -1 -1 -1 1 1 1 -1 1 1 -1 -1 1 
1 -1 1 -1 1 -1 -1 -1 1 1 -1 1 -1 -1 
1 1 -1 -1 -1 -1 -1 -1 1 1 -1 1 1 1 
1 -1 -1 1 -1 -1 -1 1 1 1 1 1 1 1 
1 -1 -1 -1 1 1 -1 1 -1 1 -1 -1 1 1 
BrutForce Method: Imbalance = 2 --------- S = 1 3 



1 1 -1 -1 -1 -1 1 1 1 -1 1 1 1 1 
1 -1 1 1 -1 1 -1 -1 -1 -1 -1 -1 1 -1 
-1 1 1 -1 -1 -1 1 1 -1 1 -1 1 -1 1 
-1 1 -1 -1 1 -1 -1 1 1 -1 -1 -1 -1 1 
1 -1 1 1 -1 1 1 -1 -1 -1 1 1 -1 -1 
1 -1 -1 -1 1 1 1 1 -1 1 -1 1 1 1 
1 1 -1 -1 1 1 1 -1 -1 1 1 -1 1 -1 
1 -1 1 -1 -1 -1 -1 -1 1 1 -1 -1 -1 1 
1 1 1 1 1 1 -1 -1 1 1 1 1 1 1 
1 -1 1 1 -1 -1 1 1 -1 1 1 1 -1 1 
BrutForce Method: Imbalance = 4 --------- S = 3 5 



1 -1 1 -1 -1 1 1 -1 -1 -1 1 1 1 -1 
-1 1 -1 1 1 -1 -1 -1 -1 -1 1 1 -1 -1 
1 -1 1 1 1 -1 1 1 1 1 1 -1 -1 1 
1 -1 -1 -1 1 -1 1 -1 -1 -1 -1 1 1 1 
1 -1 1 1 -1 -1 1 -1 -1 -1 1 -1 1 -1 
1 -1 1 -1 -1 1 1 1 1 1 -1 -1 -1 1 
-1 -1 1 1 1 -1 -1 -1 1 -1 -1 -1 -1 -1 
-1 1 -1 1 -1 -1 1 1 -1 1 1 -1 1 -1 
1 1 -1 -1 1 -1 -1 1 -1 1 -1 -1 -1 1 
-1 -1 1 1 1 1 1 -1 1 1 -1 -1 1 -1 
BrutForce Method: Imbalance = 2 --------- S = 2 3 



-1 -1 -1 -1 1 1 -1 1 1 -1 1 1 1 -1 
-1 1 -1 1 1 1 1 1 -1 1 1 1 1 -1 
1 -1 1 -1 -1 1 1 1 1 -1 1 1 -1 1 
1 -1 -1 -1 1 -1 -1 -1 1 -1 -1 1 1 1 
1 1 -1 1 1 1 1 1 1 -1 1 -1 1 1 
1 1 1 1 -1 1 1 1 -1 -1 -1 1 1 1 
1 1 1 -1 -1 1 -1 -1 -1 -1 1 -1 -1 -1 
1 -1 -1 1 -1 1 1 -1 -1 1 -1 -1 -1 -1 
-1 -1 1 1 -1 -1 -1 1 1 -1 -1 1 -1 -1 
-1 -1 1 -1 -1 1 -1 1 1 -1 1 -1 1 1 
BrutForce Method: Imbalance = 2 --------- S = 3 5 



1 1 -1 1 1 -1 1 -1 1 1 -1 -1 1 -1 
-1 1 1 1 -1 1 1 -1 -1 1 1 1 -1 1 
1 -1 1 1 -1 1 -1 -1 -1 1 1 -1 1 1 
1 1 1 1 -1 1 -1 1 1 1 1 -1 -1 -1 
1 -1 1 -1 1 -1 1 -1 -1 -1 1 -1 -1 -1 
-1 -1 1 -1 -1 -1 -1 -1 -1 1 -1 -1 -1 1 
1 1 1 -1 1 -1 -1 1 -1 1 1 -1 -1 1 
-1 -1 -1 1 1 -1 -1 1 1 1 1 1 1 -1 
1 1 -1 1 -1 1 1 -1 1 1 -1 1 -1 -1 
1 -1 1 1 -1 1 1 1 -1 -1 -1 1 1 -1 
BrutForce Method: Imbalance = 2 --------- S = 5 6 



1 -1 -1 -1 1 1 -1 1 1 -1 -1 1 1 -1 
1 -1 -1 1 1 1 1 1 -1 1 -1 1 -1 -1 
-1 -1 1 -1 1 -1 1 1 -1 -1 1 1 1 -1 
-1 1 1 1 -1 -1 1 1 -1 1 -1 1 -1 1 
1 -1 1 -1 1 1 -1 1 1 -1 -1 -1 -1 1 
-1 1 -1 -1 1 1 -1 1 1 -1 -1 1 1 -1 
1 1 -1 1 1 -1 1 -1 1 1 -1 -1 -1 -1 
1 -1 1 -1 1 1 -1 -1 1 1 -1 1 -1 -1 
1 -1 1 -1 1 -1 1 1 1 1 -1 -1 1 -1 
-1 1 -1 -1 1 -1 1 1 1 -1 -1 -1 1 -1 
BrutForce Method: Imbalance = 2 --------- S = 6 7 



1 -1 -1 -1 1 -1 1 1 -1 1 1 1 1 1 
1 -1 -1 -1 -1 -1 -1 1 1 1 -1 -1 1 -1 
1 1 1 -1 -1 1 -1 1 -1 1 1 1 1 -1 
1 1 -1 -1 1 1 -1 1 -1 1 -1 1 1 -1 
-1 1 1 -1 -1 -1 -1 1 -1 1 -1 -1 -1 -1 
-1 -1 1 -1 1 1 1 -1 1 -1 1 1 -1 -1 
-1 -1 -1 -1 1 -1 1 1 -1 -1 1 -1 1 1 
1 1 1 -1 -1 -1 -1 1 1 1 -1 -1 1 -1 
-1 -1 1 -1 1 1 -1 1 -1 1 1 1 -1 1 
-1 -1 1 1 -1 -1 -1 -1 1 -1 -1 1 1 -1 
BrutForce Method: Imbalance = 2 --------- S = 4 8 



1 1 -1 -1 1 -1 1 1 1 -1 -1 -1 -1 1 
-1 1 1 1 1 -1 -1 -1 -1 1 1 1 -1 -1 
1 -1 1 1 1 -1 1 1 1 1 -1 1 1 -1 
-1 1 1 1 1 -1 1 -1 -1 1 -1 -1 1 -1 
1 -1 1 -1 -1 -1 -1 1 -1 -1 1 -1 -1 -1 
1 1 -1 -1 -1 1 -1 1 -1 -1 1 -1 1 1 
-1 1 -1 -1 -1 1 1 1 -1 1 1 -1 -1 -1 
-1 1 1 -1 -1 -1 1 1 -1 -1 -1 1 1 1 
1 -1 -1 1 -1 1 -1 -1 1 -1 1 -1 -1 1 
1 1 -1 1 1 -1 -1 1 1 1 -1 1 -1 -1 
BrutForce Method: Imbalance = 2 --------- S = 1 2 3 6 



-1 1 1 1 1 1 1 1 1 1 1 -1 1 -1 
-1 1 1 1 1 1 -1 1 -1 -1 -1 1 1 1 
-1 -1 1 -1 1 1 1 1 -1 1 -1 1 -1 -1 
1 -1 1 -1 1 1 1 -1 -1 1 -1 1 1 -1 
-1 -1 -1 1 -1 1 -1 -1 1 -1 1 -1 -1 -1 
-1 -1 1 -1 -1 1 -1 1 1 1 -1 1 -1 1 
-1 -1 1 -1 -1 1 1 -1 -1 -1 1 1 1 -1 
-1 -1 1 1 -1 1 -1 1 1 -1 -1 1 1 1 
-1 -1 -1 1 -1 -1 -1 -1 -1 -1 1 -1 -1 1 
1 1 1 -1 1 -1 -1 1 1 1 1 -1 1 1 
BrutForce Method: Imbalance = 2 --------- S = 11 12 



-1 1 1 -1 1 1 1 1 1 -1 -1 -1 -1 -1 
1 -1 1 -1 -1 -1 1 1 -1 -1 -1 -1 1 -1 
-1 1 1 -1 -1 1 1 -1 -1 -1 -1 1 -1 1 
1 -1 1 -1 -1 1 -1 1 -1 1 -1 1 1 1 
-1 -1 1 1 -1 -1 1 1 1 1 1 1 -1 1 
1 1 -1 -1 -1 -1 -1 -1 1 -1 -1 1 1 1 
1 -1 -1 1 1 -1 1 -1 -1 1 -1 1 -1 -1 
-1 -1 1 -1 -1 -1 -1 1 1 -1 1 1 1 -1 
-1 -1 -1 -1 -1 1 1 1 1 -1 1 -1 1 -1 
-1 -1 -1 -1 1 -1 1 -1 1 1 -1 1 -1 -1 
BrutForce Method: Imbalance = 2 --------- S = 2 7 10 13 



1 -1 1 -1 -1 1 1 -1 1 -1 1 1 1 -1 
-1 1 -1 1 -1 1 -1 1 1 -1 -1 -1 1 -1 
-1 -1 -1 -1 1 1 -1 1 1 1 1 1 -1 -1 
1 1 -1 1 -1 -1 1 1 1 1 1 1 -1 1 
-1 1 1 -1 1 -1 -1 1 1 1 1 1 -1 1 
-1 -1 1 1 -1 1 1 1 1 -1 -1 1 -1 1 
-1 -1 -1 1 1 -1 1 -1 -1 -1 -1 -1 1 -1 
1 1 1 -1 1 -1 1 -1 -1 1 1 1 1 1 
1 -1 1 1 1 1 1 1 -1 1 1 1 -1 -1 
1 1 -1 -1 1 -1 -1 1 1 -1 1 -1 1 1 
BrutForce Method: Imbalance = 4 --------- S = 2 6 



1 -1 -1 1 1 -1 1 -1 1 -1 -1 -1 1 1 
1 -1 1 -1 1 -1 -1 1 -1 1 -1 1 1 1 
-1 -1 -1 -1 -1 1 -1 1 1 -1 1 -1 1 1 
1 -1 -1 1 1 -1 1 -1 -1 -1 -1 1 1 -1 
-1 -1 -1 1 1 -1 -1 -1 1 1 1 1 -1 -1 
-1 -1 1 1 1 1 1 -1 1 1 1 -1 1 -1 
1 -1 1 1 -1 1 1 -1 -1 1 1 1 1 1 
1 1 -1 -1 -1 -1 1 1 1 1 -1 1 -1 -1 
-1 1 1 -1 1 -1 1 -1 1 -1 -1 1 1 1 
-1 1 1 -1 1 1 -1 1 -1 1 -1 1 1 1 
BrutForce Method: Imbalance = 2 --------- S = 4 8 



-1 -1 1 1 -1 -1 1 1 -1 1 1 -1 -1 -1 
-1 1 -1 1 1 1 1 -1 1 -1 1 1 1 1 
-1 -1 -1 1 -1 -1 -1 1 -1 1 1 1 -1 -1 
1 -1 -1 1 -1 1 -1 1 -1 1 -1 -1 -1 1 
-1 1 1 -1 1 -1 -1 -1 1 1 1 -1 -1 -1 
1 1 1 -1 -1 1 -1 -1 -1 1 1 -1 -1 1 
1 -1 -1 1 -1 1 1 1 -1 1 1 -1 -1 -1 
-1 1 -1 1 -1 1 -1 -1 -1 1 -1 1 -1 1 
-1 -1 1 1 -1 -1 1 1 1 1 -1 1 1 1 
-1 -1 -1 1 -1 1 -1 -1 1 1 -1 -1 -1 -1 
BrutForce Method: Imbalance = 2 --------- S = 2 8 



-1 -1 1 1 1 -1 1 -1 -1 1 -1 -1 1 1 
1 1 -1 -1 1 -1 -1 -1 -1 -1 -1 -1 -1 -1 
-1 1 -1 1 1 -1 -1 1 -1 -1 -1 -1 -1 1 
-1 -1 1 -1 -1 1 -1 1 1 1 1 1 -1 -1 
-1 -1 -1 1 1 1 -1 1 1 1 1 1 1 1 
1 1 1 -1 -1 -1 1 -1 -1 1 -1 -1 -1 1 
1 -1 -1 -1 -1 1 -1 1 1 -1 1 -1 1 -1 
-1 -1 -1 1 1 -1 -1 -1 -1 1 -1 -1 -1 1 
-1 -1 -1 1 -1 -1 1 -1 -1 -1 -1 1 1 1 
-1 -1 1 -1 1 1 -1 1 1 1 1 1 1 1 
BrutForce Method: Imbalance = 4 --------- S = 1 4 



-1 1 1 1 -1 -1 -1 1 -1 -1 -1 1 -1 -1 
1 -1 1 1 -1 1 -1 1 -1 -1 -1 -1 -1 -1 
1 1 1 -1 -1 -1 -1 -1 -1 -1 -1 -1 1 -1 
1 -1 -1 1 1 -1 1 1 1 1 1 -1 1 1 
1 1 -1 -1 -1 -1 -1 1 -1 -1 -1 1 -1 -1 
1 -1 1 1 1 -1 -1 -1 1 1 1 -1 1 -1 
-1 -1 -1 1 1 -1 -1 1 1 1 1 -1 -1 1 
1 -1 1 1 1 -1 -1 1 1 1 -1 -1 1 1 
1 -1 -1 -1 1 -1 1 1 1 -1 1 -1 1 -1 
1 1 -1 1 1 1 1 1 -1 1 -1 -1 -1 1 
BrutForce Method: Imbalance = 2 --------- S = 2 9 



-1 1 -1 1 -1 -1 1 1 1 -1 -1 -1 1 -1 
-1 -1 -1 -1 -1 1 -1 1 1 -1 -1 1 -1 -1 
1 1 -1 -1 1 -1 1 -1 1 -1 -1 1 -1 1 
-1 -1 -1 -1 -1 -1 1 -1 -1 -1 1 -1 -1 -1 
1 1 -1 1 1 1 -1 -1 -1 -1 -1 -1 -1 -1 
-1 -1 -1 1 -1 -1 1 -1 -1 1 1 -1 -1 -1 
-1 1 1 1 -1 -1 1 1 -1 -1 -1 -1 -1 -1 
-1 -1 -1 1 1 -1 1 1 1 1 1 -1 1 1 
-1 -1 -1 -1 1 1 -1 -1 -1 -1 1 1 -1 -1 
1 1 1 -1 1 1 -1 -1 1 -1 1 1 1 -1 
BrutForce Method: Imbalance = 0 --------- S = 6 7 



1 1 -1 -1 -1 -1 1 -1 -1 1 -1 1 1 1 
-1 1 1 -1 1 1 1 1 1 1 1 1 1 -1 
1 -1 -1 -1 -1 -1 1 1 -1 -1 1 -1 -1 1 
1 -1 -1 1 1 1 -1 1 1 1 -1 1 -1 -1 
1 -1 -1 1 -1 1 1 1 -1 1 -1 1 1 -1 
1 1 -1 -1 -1 -1 1 -1 1 1 1 1 -1 -1 
-1 -1 1 -1 -1 -1 1 1 1 1 -1 -1 -1 -1 
1 1 -1 -1 1 -1 -1 -1 -1 1 1 1 1 1 
-1 -1 1 -1 1 1 -1 1 1 -1 -1 1 -1 1 
-1 1 -1 -1 -1 -1 -1 -1 -1 1 -1 1 1 -1 
BrutForce Method: Imbalance = 2 --------- S = 1 3 



-1 1 1 -1 -1 -1 -1 -1 1 1 1 1 1 1 
-1 1 1 -1 -1 1 1 -1 1 -1 1 1 -1 1 
-1 -1 1 1 -1 -1 1 1 1 1 1 -1 1 1 
-1 1 -1 -1 -1 -1 -1 1 -1 -1 -1 -1 -1 -1 
1 1 -1 1 1 -1 -1 1 1 1 -1 1 -1 -1 
1 1 -1 -1 -1 -1 1 1 1 1 1 -1 1 1 
1 -1 -1 1 -1 -1 1 1 1 1 1 1 -1 1 
1 -1 -1 -1 1 -1 -1 1 1 1 1 -1 1 -1 
1 -1 1 -1 1 1 -1 -1 1 1 -1 1 -1 -1 
-1 1 -1 -1 1 -1 1 -1 -1 -1 1 -1 1 1 
BrutForce Method: Imbalance = 4 --------- S = 3 8 



