n = 20   m = 8   k = 10


1 1 1 1 1 1 -1 -1 1 -1 1 1 1 1 1 -1 1 -1 1 -1 
1 1 -1 1 -1 -1 -1 1 1 1 -1 1 -1 1 1 1 -1 1 -1 1 
-1 -1 1 1 -1 1 -1 -1 1 -1 -1 1 -1 -1 1 1 1 1 1 1 
1 -1 1 -1 -1 -1 -1 -1 -1 1 -1 1 1 1 -1 1 1 -1 1 -1 
-1 -1 1 -1 -1 -1 -1 1 1 1 -1 1 1 1 -1 -1 -1 -1 1 -1 
-1 1 1 -1 -1 1 -1 1 1 -1 -1 1 -1 -1 -1 1 -1 1 -1 -1 
1 1 -1 -1 -1 1 1 -1 1 1 -1 -1 1 1 1 1 1 -1 1 1 
-1 -1 -1 1 -1 -1 1 1 1 -1 1 -1 1 1 1 -1 1 1 -1 -1 
BrutForce Method: Imbalance = 0 --------- S = 7 12 



-1 1 1 -1 1 -1 1 -1 -1 1 -1 1 1 1 -1 -1 1 1 -1 -1 
1 -1 -1 -1 1 1 1 1 1 1 1 -1 -1 -1 -1 -1 -1 -1 1 -1 
1 1 -1 -1 -1 -1 1 -1 1 -1 -1 1 -1 -1 -1 -1 1 -1 1 1 
-1 1 1 -1 -1 -1 -1 1 -1 1 1 1 1 -1 1 -1 -1 1 -1 -1 
-1 -1 -1 -1 1 1 1 1 -1 -1 1 -1 1 1 -1 1 1 -1 1 1 
-1 1 1 1 1 -1 1 -1 -1 1 1 -1 -1 1 1 -1 -1 -1 -1 -1 
-1 -1 -1 1 1 1 1 -1 1 1 -1 -1 1 -1 -1 -1 1 -1 -1 -1 
-1 -1 -1 1 1 -1 1 -1 1 -1 -1 -1 -1 -1 -1 1 1 1 1 -1 
BrutForce Method: Imbalance = 0 --------- S = 4 7 8 12 



-1 1 1 -1 1 1 1 -1 1 1 -1 -1 1 1 1 -1 1 -1 1 -1 
1 1 -1 -1 -1 1 -1 -1 -1 1 -1 -1 1 1 -1 1 1 -1 -1 -1 
-1 -1 1 -1 -1 -1 -1 1 1 -1 -1 1 -1 1 1 1 -1 -1 -1 1 
1 -1 1 1 1 -1 1 -1 -1 1 1 1 1 -1 1 -1 1 -1 1 1 
1 1 -1 1 -1 1 -1 1 1 1 1 1 1 1 1 -1 -1 -1 -1 -1 
-1 -1 -1 -1 1 1 1 -1 -1 -1 1 1 -1 1 -1 1 -1 -1 1 -1 
1 -1 -1 1 1 -1 -1 -1 1 1 -1 -1 -1 1 -1 -1 -1 -1 -1 1 
1 -1 -1 -1 1 1 1 -1 -1 -1 -1 -1 -1 -1 1 1 -1 1 -1 1 
BrutForce Method: Imbalance = 0 --------- S = 5 8 10 16 



1 -1 1 -1 1 -1 1 -1 -1 -1 -1 -1 -1 1 1 1 -1 -1 1 -1 
-1 1 -1 -1 1 1 1 1 -1 1 1 -1 -1 1 -1 -1 -1 1 1 -1 
-1 1 -1 -1 -1 1 -1 1 1 -1 -1 1 -1 -1 1 -1 1 1 -1 1 
1 -1 -1 1 1 1 1 -1 -1 -1 1 -1 1 -1 1 -1 1 -1 1 -1 
-1 -1 -1 1 1 1 1 -1 -1 -1 -1 -1 -1 -1 -1 1 -1 -1 -1 1 
1 -1 -1 -1 -1 -1 1 -1 1 1 -1 1 -1 -1 -1 -1 1 -1 -1 1 
-1 1 -1 1 -1 -1 1 1 1 1 -1 -1 -1 -1 1 1 -1 1 -1 -1 
1 -1 1 -1 1 1 -1 -1 1 1 -1 -1 -1 1 1 -1 1 -1 -1 -1 
BrutForce Method: Imbalance = 0 --------- S = 1 2 5 6 7 9 12 16 



1 -1 -1 1 -1 -1 1 1 1 1 1 1 -1 -1 -1 -1 1 1 1 1 
1 1 -1 -1 -1 -1 1 1 1 1 1 1 -1 1 -1 -1 1 -1 -1 1 
-1 1 1 1 -1 -1 -1 1 1 -1 1 1 -1 1 1 -1 1 -1 -1 1 
1 1 1 1 1 -1 -1 1 1 1 -1 1 -1 -1 -1 -1 1 1 1 -1 
-1 1 1 -1 -1 -1 1 1 1 1 1 -1 1 1 -1 -1 1 -1 1 -1 
1 -1 1 1 1 1 1 1 1 1 -1 1 -1 1 1 1 -1 1 -1 -1 
-1 1 1 -1 1 -1 -1 -1 1 1 1 -1 -1 1 1 -1 -1 1 -1 -1 
-1 1 -1 1 1 1 -1 1 -1 1 -1 1 1 1 -1 -1 1 -1 -1 -1 
BrutForce Method: Imbalance = 0 --------- S = 1 5 11 13 15 17 



1 -1 -1 1 -1 1 -1 1 -1 -1 -1 1 1 -1 1 1 1 1 1 1 
1 -1 -1 -1 -1 1 1 -1 1 1 1 -1 -1 -1 -1 -1 -1 -1 -1 -1 
-1 -1 1 -1 -1 1 1 1 -1 -1 1 1 -1 1 -1 1 1 1 -1 1 
-1 -1 1 1 -1 -1 -1 -1 1 -1 1 1 -1 1 1 -1 1 1 1 1 
-1 -1 -1 1 1 1 -1 1 1 -1 -1 -1 1 -1 -1 -1 -1 1 1 -1 
1 1 1 1 1 1 1 1 -1 -1 -1 1 -1 -1 -1 -1 1 1 -1 -1 
-1 -1 1 -1 -1 1 -1 -1 1 1 -1 1 1 -1 -1 1 -1 1 1 -1 
-1 -1 1 1 -1 1 -1 1 -1 -1 1 -1 -1 -1 1 -1 1 1 1 -1 
BrutForce Method: Imbalance = 0 --------- S = 1 3 8 9 11 13 



1 1 -1 1 1 -1 1 1 -1 -1 -1 -1 -1 -1 1 -1 -1 1 1 1 
1 -1 1 -1 -1 -1 1 1 -1 1 1 1 1 1 -1 -1 -1 1 1 1 
1 -1 1 1 -1 -1 1 -1 1 -1 -1 1 1 -1 1 1 1 -1 1 -1 
1 -1 1 -1 -1 1 -1 1 1 -1 1 1 1 -1 -1 -1 1 -1 -1 1 
1 1 -1 1 -1 -1 -1 -1 1 1 -1 -1 1 -1 1 1 -1 -1 1 1 
-1 1 1 1 1 -1 1 -1 1 1 1 -1 1 1 -1 -1 -1 1 1 -1 
1 -1 -1 1 1 1 -1 1 -1 1 1 -1 1 1 -1 1 1 1 1 1 
1 1 1 -1 1 -1 1 1 -1 -1 1 1 -1 -1 -1 -1 -1 -1 -1 -1 
BrutForce Method: Imbalance = 0 --------- S = 11 15 



-1 -1 1 -1 -1 -1 -1 1 -1 -1 -1 -1 -1 1 1 -1 -1 1 -1 -1 
1 -1 -1 1 1 1 -1 1 1 1 1 -1 -1 1 -1 -1 -1 1 1 1 
1 1 1 1 1 -1 -1 1 1 1 -1 -1 1 1 1 -1 1 -1 -1 -1 
1 -1 -1 1 1 1 1 -1 1 -1 1 -1 1 1 -1 -1 1 -1 1 -1 
-1 -1 -1 1 -1 -1 1 -1 -1 1 1 1 1 -1 -1 -1 1 1 1 -1 
1 1 -1 1 1 -1 1 -1 1 -1 -1 -1 1 1 1 1 -1 1 -1 -1 
1 -1 -1 -1 -1 -1 -1 1 1 1 -1 1 1 -1 -1 -1 1 1 -1 1 
-1 1 -1 1 -1 -1 1 -1 1 -1 1 1 1 1 -1 -1 -1 -1 -1 -1 
BrutForce Method: Imbalance = 0 --------- S = 7 8 



1 -1 1 1 -1 1 1 1 1 1 -1 -1 1 1 1 1 -1 1 1 -1 
-1 1 1 1 1 1 -1 1 -1 1 1 1 -1 1 -1 -1 -1 -1 1 1 
1 -1 1 -1 -1 -1 1 1 -1 -1 -1 1 -1 -1 1 -1 1 -1 -1 -1 
1 -1 1 -1 1 1 -1 -1 -1 -1 1 -1 1 -1 1 -1 1 1 -1 -1 
1 1 1 -1 1 1 -1 -1 -1 1 -1 1 1 -1 1 -1 1 1 -1 1 
1 -1 1 1 1 -1 -1 1 -1 1 1 -1 -1 -1 -1 -1 -1 1 1 -1 
1 1 1 -1 1 -1 -1 1 -1 -1 -1 -1 1 1 -1 1 1 -1 1 1 
1 -1 -1 -1 1 1 1 1 1 -1 1 1 -1 -1 1 -1 1 -1 1 -1 
BrutForce Method: Imbalance = 0 --------- S = 4 17 



1 -1 1 -1 1 -1 1 1 1 1 1 -1 1 -1 -1 1 -1 1 -1 1 
-1 1 1 -1 1 1 1 1 1 -1 -1 -1 1 -1 -1 1 1 1 -1 1 
-1 -1 -1 1 -1 -1 1 -1 -1 1 1 1 1 1 -1 -1 -1 -1 1 1 
1 -1 1 -1 1 -1 1 -1 -1 -1 1 -1 1 1 -1 -1 1 -1 1 1 
1 -1 -1 -1 -1 1 -1 -1 -1 -1 -1 1 1 1 1 1 -1 -1 -1 -1 
1 -1 1 -1 -1 -1 1 1 1 -1 -1 -1 -1 1 -1 -1 1 1 -1 -1 
1 -1 -1 -1 1 1 1 1 -1 1 1 -1 -1 1 -1 1 -1 1 -1 1 
-1 -1 1 -1 1 -1 1 -1 1 1 -1 -1 -1 -1 -1 1 -1 1 1 -1 
BrutForce Method: Imbalance = 0 --------- S = 5 9 12 14 



