n = 4   m = 8   k = 100


-1 1 -1 1 
-1 -1 -1 -1 
1 -1 1 1 
1 1 -1 -1 
1 1 1 -1 
-1 -1 1 -1 
-1 -1 -1 -1 
1 1 1 1 
BrutForce Method: Imbalance = 8 --------- S = 1 



1 1 1 -1 
-1 -1 1 -1 
-1 1 -1 -1 
-1 1 1 1 
-1 1 -1 1 
-1 1 -1 1 
-1 1 1 1 
-1 -1 -1 1 
BrutForce Method: Imbalance = 4 --------- S = 1 4 



-1 1 1 1 
1 1 1 1 
1 1 1 1 
-1 1 -1 1 
1 -1 1 1 
-1 -1 -1 1 
-1 1 1 -1 
-1 1 -1 1 
BrutForce Method: Imbalance = 6 --------- S = 1 2 



-1 1 -1 -1 
-1 -1 -1 1 
1 -1 1 1 
1 -1 1 -1 
-1 1 1 1 
-1 1 -1 -1 
-1 1 1 1 
-1 1 -1 1 
BrutForce Method: Imbalance = 2 --------- S = 1 2 



1 -1 -1 1 
-1 1 -1 1 
-1 -1 -1 -1 
-1 1 1 1 
1 1 1 -1 
-1 1 1 1 
1 -1 -1 1 
-1 1 -1 1 
BrutForce Method: Imbalance = 4 --------- S = 1 2 



-1 1 1 -1 
1 -1 1 1 
1 -1 -1 -1 
-1 -1 1 -1 
1 -1 1 -1 
-1 -1 1 -1 
1 -1 -1 -1 
1 1 1 -1 
BrutForce Method: Imbalance = 6 --------- S = 1 2 



1 -1 1 -1 
1 1 1 -1 
-1 1 1 -1 
-1 -1 1 1 
1 1 -1 -1 
-1 -1 -1 1 
-1 -1 -1 1 
-1 -1 1 -1 
BrutForce Method: Imbalance = 4 --------- S = 1 4 



-1 -1 -1 -1 
1 1 1 -1 
-1 1 -1 1 
1 1 -1 1 
1 -1 1 1 
-1 1 1 1 
1 1 -1 -1 
-1 1 -1 1 
BrutForce Method: Imbalance = 6 --------- S = 2 3 



-1 1 1 1 
-1 -1 1 1 
1 1 -1 1 
1 -1 -1 1 
1 -1 1 -1 
-1 -1 -1 -1 
1 1 1 1 
1 1 -1 1 
BrutForce Method: Imbalance = 6 --------- S = 1 3 



1 1 1 1 
1 1 -1 1 
1 -1 -1 1 
1 1 -1 1 
-1 -1 -1 -1 
-1 -1 -1 1 
1 -1 -1 -1 
1 -1 1 1 
BrutForce Method: Imbalance = 8 --------- S = 1 



-1 1 -1 -1 
1 1 1 -1 
1 -1 1 1 
-1 -1 -1 1 
-1 -1 -1 1 
1 -1 1 1 
-1 1 1 -1 
-1 -1 1 1 
BrutForce Method: Imbalance = 0 --------- S = 2 4 



1 1 1 -1 
-1 1 -1 1 
-1 1 -1 1 
-1 -1 1 -1 
-1 -1 1 -1 
1 -1 -1 -1 
-1 -1 1 1 
1 -1 1 -1 
BrutForce Method: Imbalance = 4 --------- S = 2 3 



1 1 1 -1 
1 -1 1 -1 
1 1 -1 1 
-1 -1 -1 1 
-1 1 -1 -1 
-1 -1 1 1 
1 1 -1 1 
1 -1 -1 -1 
BrutForce Method: Imbalance = 6 --------- S = 2 3 



1 1 1 1 
-1 1 -1 1 
-1 -1 -1 1 
1 1 -1 1 
1 -1 1 -1 
1 -1 -1 1 
-1 -1 -1 1 
1 1 1 1 
BrutForce Method: Imbalance = 4 --------- S = 3 4 



-1 1 -1 1 
1 1 -1 1 
-1 1 -1 -1 
1 1 1 -1 
-1 1 -1 1 
-1 1 1 -1 
-1 -1 -1 -1 
-1 1 -1 -1 
BrutForce Method: Imbalance = 6 --------- S = 1 2 



1 1 1 1 
1 1 1 1 
1 1 -1 1 
1 -1 -1 -1 
-1 1 -1 1 
-1 1 1 1 
-1 -1 1 1 
-1 1 -1 -1 
BrutForce Method: Imbalance = 8 --------- S = 1 



1 -1 1 -1 
-1 1 -1 1 
-1 -1 -1 1 
-1 1 1 1 
-1 -1 -1 -1 
1 -1 -1 -1 
1 1 1 -1 
1 1 1 1 
BrutForce Method: Imbalance = 4 --------- S = 1 4 



1 1 -1 -1 
-1 -1 -1 -1 
-1 -1 -1 1 
-1 1 1 -1 
-1 -1 -1 1 
-1 1 1 -1 
-1 -1 1 -1 
-1 -1 -1 -1 
BrutForce Method: Imbalance = 6 --------- S = 2 4 



1 -1 -1 1 
1 -1 -1 -1 
1 -1 1 -1 
1 -1 -1 -1 
-1 -1 -1 1 
1 -1 -1 -1 
1 -1 -1 -1 
1 1 -1 -1 
BrutForce Method: Imbalance = 2 --------- S = 1 4 



-1 1 1 1 
-1 -1 1 1 
-1 1 1 1 
-1 1 1 1 
-1 -1 -1 1 
1 -1 -1 1 
1 -1 -1 -1 
1 -1 1 -1 
BrutForce Method: Imbalance = 2 --------- S = 1 4 



1 1 -1 1 
1 -1 -1 -1 
-1 1 -1 1 
1 1 1 1 
-1 1 1 -1 
1 1 -1 -1 
1 -1 1 1 
-1 1 1 -1 
BrutForce Method: Imbalance = 6 --------- S = 1 2 



1 -1 -1 1 
1 1 -1 1 
-1 1 1 1 
1 1 1 -1 
1 1 -1 -1 
-1 -1 1 1 
-1 -1 -1 -1 
1 -1 1 1 
BrutForce Method: Imbalance = 6 --------- S = 1 3 



-1 1 -1 1 
1 -1 1 1 
-1 1 1 -1 
-1 -1 1 -1 
-1 1 -1 -1 
1 -1 -1 1 
-1 -1 -1 1 
-1 1 1 1 
BrutForce Method: Imbalance = 4 --------- S = 1 2 



1 -1 1 1 
-1 1 1 -1 
-1 -1 -1 1 
1 1 -1 1 
1 1 -1 -1 
1 1 -1 -1 
-1 -1 1 1 
1 1 -1 -1 
BrutForce Method: Imbalance = 2 --------- S = 2 4 



1 1 1 -1 
1 -1 1 1 
1 -1 1 1 
-1 -1 1 -1 
-1 1 1 1 
-1 -1 -1 -1 
1 -1 1 -1 
1 1 -1 -1 
BrutForce Method: Imbalance = 6 --------- S = 2 3 



1 -1 1 -1 
1 -1 -1 1 
-1 -1 -1 1 
-1 1 1 1 
1 1 -1 -1 
-1 -1 -1 1 
-1 1 -1 1 
1 -1 1 -1 
BrutForce Method: Imbalance = 2 --------- S = 1 4 



-1 1 -1 1 
-1 1 -1 1 
-1 -1 1 1 
-1 -1 1 1 
1 -1 -1 -1 
-1 -1 -1 1 
1 1 -1 -1 
-1 1 1 1 
BrutForce Method: Imbalance = 0 --------- S = 1 4 



1 -1 -1 1 
-1 -1 -1 1 
-1 1 1 1 
1 1 1 1 
-1 1 1 1 
1 -1 -1 1 
-1 1 1 -1 
-1 -1 -1 -1 
BrutForce Method: Imbalance = 6 --------- S = 1 2 



-1 1 -1 1 
1 1 1 -1 
-1 -1 -1 -1 
-1 1 1 -1 
1 -1 1 1 
1 -1 -1 -1 
1 -1 1 -1 
-1 -1 -1 1 
BrutForce Method: Imbalance = 6 --------- S = 1 2 



-1 1 1 1 
1 -1 -1 -1 
1 -1 1 1 
1 -1 1 1 
-1 -1 -1 -1 
1 -1 -1 -1 
-1 1 1 1 
-1 1 1 -1 
BrutForce Method: Imbalance = 2 --------- S = 1 2 



-1 1 1 -1 
-1 1 1 -1 
-1 1 1 1 
-1 -1 1 1 
-1 -1 -1 -1 
-1 -1 -1 1 
-1 1 -1 1 
-1 -1 -1 -1 
BrutForce Method: Imbalance = 8 --------- S = 1 



1 1 1 1 
1 1 1 -1 
-1 1 1 -1 
-1 1 1 1 
-1 -1 1 1 
1 -1 -1 1 
-1 1 -1 -1 
1 -1 1 1 
BrutForce Method: Imbalance = 4 --------- S = 2 4 



-1 1 1 1 
-1 1 1 -1 
1 1 1 -1 
1 1 1 -1 
-1 -1 -1 1 
1 -1 -1 1 
-1 1 1 1 
-1 1 1 1 
BrutForce Method: Imbalance = 4 --------- S = 1 4 



-1 -1 1 -1 
1 1 1 1 
-1 1 -1 1 
-1 1 1 -1 
-1 -1 1 -1 
-1 -1 -1 1 
-1 1 1 -1 
-1 1 1 1 
BrutForce Method: Imbalance = 4 --------- S = 3 4 



1 -1 -1 1 
1 -1 1 -1 
1 1 -1 -1 
1 1 -1 -1 
1 -1 1 1 
-1 1 1 1 
1 -1 -1 -1 
-1 1 1 -1 
BrutForce Method: Imbalance = 4 --------- S = 1 2 



1 -1 1 -1 
1 -1 1 -1 
1 1 -1 -1 
1 1 -1 1 
1 1 -1 -1 
-1 1 -1 1 
1 1 1 1 
-1 -1 1 -1 
BrutForce Method: Imbalance = 2 --------- S = 2 3 



-1 -1 -1 -1 
-1 -1 -1 1 
1 -1 -1 -1 
1 1 -1 -1 
1 -1 1 1 
-1 -1 -1 1 
-1 1 -1 -1 
1 1 1 -1 
BrutForce Method: Imbalance = 4 --------- S = 2 4 



1 1 -1 1 
1 -1 -1 1 
1 -1 1 -1 
-1 -1 -1 1 
-1 -1 1 -1 
1 1 1 1 
1 -1 1 -1 
-1 1 1 -1 
BrutForce Method: Imbalance = 2 --------- S = 3 4 



1 1 1 -1 
1 -1 -1 -1 
1 -1 -1 1 
1 1 -1 1 
-1 1 -1 -1 
1 -1 1 1 
1 -1 -1 -1 
-1 1 1 -1 
BrutForce Method: Imbalance = 4 --------- S = 1 2 



1 1 -1 1 
1 -1 -1 -1 
-1 1 1 -1 
-1 -1 1 -1 
-1 -1 -1 -1 
1 -1 1 -1 
1 1 1 -1 
1 1 1 -1 
BrutForce Method: Imbalance = 4 --------- S = 3 4 



1 1 -1 1 
1 -1 -1 -1 
1 -1 -1 -1 
-1 1 1 -1 
1 -1 1 1 
-1 -1 -1 1 
1 1 -1 -1 
1 1 1 -1 
BrutForce Method: Imbalance = 6 --------- S = 1 3 



-1 1 -1 -1 
-1 -1 1 1 
1 1 1 -1 
-1 1 1 1 
-1 1 -1 -1 
1 1 1 -1 
1 1 -1 1 
-1 -1 -1 1 
BrutForce Method: Imbalance = 4 --------- S = 2 4 



1 1 -1 1 
1 -1 1 -1 
1 -1 1 1 
1 -1 1 1 
1 1 -1 1 
-1 1 1 1 
-1 -1 1 -1 
-1 1 1 -1 
BrutForce Method: Imbalance = 4 --------- S = 2 3 



-1 1 1 -1 
-1 1 1 -1 
1 1 -1 1 
-1 -1 -1 1 
1 -1 1 -1 
1 1 1 -1 
1 1 -1 -1 
-1 -1 1 1 
BrutForce Method: Imbalance = 4 --------- S = 2 4 



1 -1 -1 1 
1 1 1 1 
1 1 1 -1 
1 -1 -1 1 
1 1 1 -1 
1 1 1 -1 
1 -1 1 1 
1 1 -1 -1 
BrutForce Method: Imbalance = 2 --------- S = 2 4 



-1 -1 -1 -1 
-1 1 1 -1 
1 1 -1 -1 
-1 1 1 1 
-1 -1 -1 -1 
-1 1 -1 -1 
1 -1 -1 1 
1 -1 -1 -1 
BrutForce Method: Imbalance = 6 --------- S = 1 2 



1 1 1 -1 
1 1 -1 1 
-1 -1 1 -1 
1 1 -1 -1 
-1 -1 1 1 
1 1 -1 -1 
-1 1 -1 1 
-1 -1 1 -1 
BrutForce Method: Imbalance = 2 --------- S = 2 3 



-1 -1 1 -1 
1 1 1 -1 
-1 1 -1 -1 
1 1 -1 -1 
1 1 1 1 
-1 1 1 1 
-1 -1 -1 1 
1 1 1 -1 
BrutForce Method: Imbalance = 6 --------- S = 1 4 



1 -1 -1 -1 
-1 1 1 -1 
1 1 -1 -1 
1 -1 -1 -1 
1 1 1 -1 
1 1 1 -1 
-1 1 -1 1 
1 -1 1 1 
BrutForce Method: Imbalance = 4 --------- S = 1 4 



1 1 1 -1 
-1 -1 1 -1 
1 1 -1 -1 
-1 1 -1 1 
1 1 -1 1 
-1 1 1 1 
1 -1 1 -1 
-1 -1 1 1 
BrutForce Method: Imbalance = 4 --------- S = 2 3 



1 1 1 1 
-1 1 -1 -1 
-1 1 -1 -1 
-1 -1 1 -1 
1 1 1 -1 
1 1 1 1 
1 -1 -1 1 
-1 1 -1 -1 
BrutForce Method: Imbalance = 6 --------- S = 2 4 



1 -1 1 1 
-1 1 1 1 
1 1 1 1 
1 -1 1 -1 
1 1 -1 -1 
1 1 -1 1 
1 -1 1 1 
1 -1 1 1 
BrutForce Method: Imbalance = 4 --------- S = 2 3 



-1 1 1 -1 
-1 -1 -1 -1 
-1 1 1 1 
1 -1 1 1 
-1 1 -1 -1 
1 1 1 -1 
1 1 1 1 
1 1 1 -1 
BrutForce Method: Imbalance = 6 --------- S = 2 4 



-1 1 1 1 
-1 1 1 -1 
1 -1 1 1 
-1 -1 -1 1 
1 -1 -1 1 
1 -1 -1 -1 
-1 -1 -1 -1 
1 -1 1 -1 
BrutForce Method: Imbalance = 4 --------- S = 1 2 



-1 1 -1 -1 
-1 1 -1 -1 
-1 1 -1 -1 
1 -1 1 -1 
-1 -1 -1 1 
-1 1 -1 1 
-1 -1 1 -1 
-1 1 -1 1 
BrutForce Method: Imbalance = 2 --------- S = 2 3 



1 -1 1 1 
1 -1 -1 -1 
1 -1 -1 1 
-1 -1 -1 1 
1 1 -1 -1 
1 1 -1 1 
1 1 1 -1 
-1 -1 -1 -1 
BrutForce Method: Imbalance = 6 --------- S = 2 4 



-1 -1 1 1 
1 1 -1 1 
-1 1 -1 1 
-1 -1 1 -1 
1 -1 1 -1 
-1 -1 -1 1 
1 -1 -1 1 
-1 -1 1 -1 
BrutForce Method: Imbalance = 2 --------- S = 3 4 



1 1 1 1 
-1 -1 1 -1 
1 1 1 -1 
-1 -1 -1 -1 
1 1 -1 -1 
1 -1 1 -1 
-1 -1 -1 -1 
1 1 1 1 
BrutForce Method: Imbalance = 8 --------- S = 1 



1 -1 1 -1 
1 1 1 -1 
-1 -1 -1 1 
-1 -1 1 1 
-1 -1 1 -1 
1 1 -1 1 
-1 -1 1 -1 
1 -1 -1 -1 
BrutForce Method: Imbalance = 4 --------- S = 3 4 



-1 -1 -1 1 
1 -1 1 -1 
1 -1 1 -1 
-1 1 -1 1 
1 1 -1 1 
1 1 1 1 
1 -1 -1 -1 
-1 -1 1 -1 
BrutForce Method: Imbalance = 4 --------- S = 3 4 



-1 1 1 1 
-1 1 -1 -1 
1 -1 1 1 
1 1 1 1 
1 1 -1 -1 
-1 -1 1 1 
1 -1 -1 -1 
-1 -1 -1 1 
BrutForce Method: Imbalance = 6 --------- S = 1 4 



-1 1 1 -1 
-1 1 -1 -1 
1 1 1 -1 
-1 1 1 -1 
1 1 -1 1 
-1 -1 1 1 
1 1 -1 1 
-1 1 1 1 
BrutForce Method: Imbalance = 4 --------- S = 1 3 



-1 -1 -1 1 
-1 -1 1 -1 
-1 1 -1 -1 
-1 1 1 1 
-1 -1 1 1 
-1 -1 1 1 
-1 1 -1 -1 
-1 1 -1 1 
BrutForce Method: Imbalance = 4 --------- S = 2 3 



1 -1 1 -1 
1 1 1 -1 
-1 -1 1 -1 
-1 -1 -1 -1 
-1 1 -1 1 
-1 1 -1 1 
1 -1 1 1 
1 1 1 1 
BrutForce Method: Imbalance = 6 --------- S = 2 3 



1 1 -1 1 
1 1 1 1 
1 -1 1 1 
1 -1 -1 -1 
1 1 1 -1 
-1 1 -1 -1 
-1 1 1 1 
-1 1 -1 -1 
BrutForce Method: Imbalance = 6 --------- S = 1 2 



-1 1 -1 -1 
-1 1 -1 1 
1 -1 -1 -1 
1 -1 -1 1 
1 -1 -1 -1 
1 1 1 -1 
-1 -1 -1 -1 
-1 -1 1 1 
BrutForce Method: Imbalance = 6 --------- S = 1 2 



-1 -1 1 -1 
1 -1 1 1 
1 -1 -1 -1 
-1 1 -1 1 
-1 -1 1 -1 
1 -1 -1 1 
1 1 -1 -1 
1 1 1 1 
BrutForce Method: Imbalance = 6 --------- S = 1 3 



-1 1 -1 1 
1 -1 1 -1 
1 1 -1 1 
-1 -1 1 -1 
-1 -1 1 1 
1 1 -1 -1 
-1 1 1 -1 
1 -1 1 1 
BrutForce Method: Imbalance = 2 --------- S = 2 3 



1 1 1 1 
1 1 1 -1 
1 -1 1 1 
-1 1 -1 -1 
1 -1 1 1 
1 1 1 -1 
-1 1 1 -1 
-1 -1 -1 -1 
BrutForce Method: Imbalance = 4 --------- S = 2 4 



-1 -1 1 1 
1 -1 -1 1 
-1 1 1 -1 
-1 1 1 -1 
-1 -1 1 -1 
1 -1 -1 -1 
1 1 1 -1 
-1 -1 -1 -1 
BrutForce Method: Imbalance = 4 --------- S = 1 3 



1 1 1 1 
-1 -1 1 1 
1 1 -1 1 
1 -1 -1 -1 
-1 -1 1 -1 
-1 1 1 -1 
1 -1 1 1 
1 1 1 1 
BrutForce Method: Imbalance = 6 --------- S = 1 3 



1 -1 -1 -1 
1 1 -1 -1 
1 1 -1 1 
1 1 -1 -1 
-1 1 1 -1 
-1 -1 1 -1 
-1 -1 -1 1 
-1 -1 -1 1 
BrutForce Method: Imbalance = 4 --------- S = 1 3 



1 -1 1 1 
-1 1 1 1 
-1 -1 -1 -1 
-1 1 -1 1 
1 1 -1 1 
1 1 1 1 
1 -1 1 -1 
-1 1 -1 -1 
BrutForce Method: Imbalance = 6 --------- S = 1 2 



-1 -1 -1 1 
1 1 -1 1 
1 -1 -1 1 
1 -1 -1 -1 
1 -1 1 1 
1 -1 1 -1 
1 1 -1 1 
-1 1 1 1 
BrutForce Method: Imbalance = 6 --------- S = 1 2 



-1 -1 -1 -1 
-1 1 -1 1 
-1 -1 -1 -1 
-1 -1 1 -1 
-1 -1 1 -1 
-1 1 -1 1 
-1 1 -1 -1 
1 1 -1 -1 
BrutForce Method: Imbalance = 4 --------- S = 2 3 



1 -1 -1 1 
1 1 -1 1 
1 1 1 -1 
-1 1 1 1 
1 -1 -1 -1 
1 1 1 1 
-1 -1 1 -1 
1 -1 -1 1 
BrutForce Method: Imbalance = 4 --------- S = 1 3 



-1 1 -1 1 
-1 -1 -1 -1 
-1 1 1 1 
-1 -1 -1 -1 
-1 -1 -1 -1 
-1 -1 -1 -1 
-1 -1 1 -1 
-1 1 -1 1 
BrutForce Method: Imbalance = 8 --------- S = 1 



-1 1 1 1 
-1 1 -1 -1 
-1 -1 1 -1 
1 -1 1 1 
-1 1 -1 -1 
1 1 1 1 
1 -1 -1 -1 
-1 1 1 1 
BrutForce Method: Imbalance = 4 --------- S = 1 2 



1 1 -1 1 
-1 1 1 -1 
1 -1 -1 1 
-1 1 -1 1 
-1 1 1 1 
1 1 -1 -1 
1 1 -1 -1 
-1 1 -1 1 
BrutForce Method: Imbalance = 4 --------- S = 1 3 



1 -1 1 1 
1 1 -1 -1 
-1 -1 -1 -1 
1 -1 1 1 
1 1 1 1 
1 1 -1 -1 
1 -1 -1 -1 
1 1 -1 -1 
BrutForce Method: Imbalance = 6 --------- S = 2 3 



-1 -1 1 -1 
1 1 -1 -1 
1 1 -1 1 
-1 1 -1 1 
1 1 1 -1 
1 -1 -1 -1 
-1 -1 -1 1 
-1 1 1 1 
BrutForce Method: Imbalance = 4 --------- S = 1 4 



1 -1 1 -1 
1 -1 -1 -1 
-1 1 1 1 
-1 1 -1 -1 
-1 1 1 1 
-1 1 -1 -1 
1 1 -1 1 
-1 -1 -1 1 
BrutForce Method: Imbalance = 4 --------- S = 1 2 



1 -1 1 -1 
-1 -1 -1 1 
-1 -1 1 -1 
-1 1 -1 -1 
-1 1 -1 1 
1 1 1 1 
1 -1 -1 1 
-1 1 -1 1 
BrutForce Method: Imbalance = 4 --------- S = 3 4 



-1 -1 1 1 
1 1 -1 -1 
1 1 1 -1 
1 -1 -1 -1 
-1 -1 1 1 
1 -1 -1 1 
1 -1 -1 1 
1 1 1 -1 
BrutForce Method: Imbalance = 2 --------- S = 2 4 



1 1 -1 1 
1 1 -1 1 
1 -1 1 -1 
-1 -1 -1 -1 
-1 -1 -1 1 
1 1 -1 -1 
1 -1 1 1 
1 -1 -1 -1 
BrutForce Method: Imbalance = 6 --------- S = 2 3 



-1 -1 1 1 
1 1 -1 -1 
1 1 1 1 
1 -1 1 1 
-1 1 -1 1 
1 1 1 -1 
-1 1 -1 1 
-1 1 1 -1 
BrutForce Method: Imbalance = 6 --------- S = 2 3 



1 1 -1 -1 
1 -1 -1 1 
-1 1 -1 -1 
1 1 -1 1 
1 -1 1 -1 
-1 1 1 -1 
1 1 1 -1 
1 -1 -1 -1 
BrutForce Method: Imbalance = 6 --------- S = 1 2 



-1 -1 1 -1 
-1 1 1 1 
1 1 1 1 
1 -1 1 1 
-1 -1 -1 -1 
1 1 -1 -1 
1 1 1 1 
1 1 1 -1 
BrutForce Method: Imbalance = 8 --------- S = 1 



1 1 -1 1 
-1 -1 1 -1 
1 1 -1 1 
1 -1 1 1 
-1 1 1 -1 
1 -1 1 -1 
1 -1 -1 -1 
1 1 1 1 
BrutForce Method: Imbalance = 6 --------- S = 1 3 



-1 -1 -1 -1 
-1 1 -1 1 
-1 -1 1 1 
1 -1 1 1 
1 1 -1 -1 
-1 -1 -1 -1 
-1 1 -1 -1 
1 1 -1 1 
BrutForce Method: Imbalance = 4 --------- S = 2 3 



-1 1 -1 -1 
1 1 1 -1 
1 -1 -1 1 
1 1 1 -1 
1 -1 -1 1 
1 1 1 1 
1 -1 1 -1 
-1 -1 1 -1 
BrutForce Method: Imbalance = 4 --------- S = 3 4 



-1 1 1 -1 
-1 1 -1 -1 
-1 -1 -1 1 
-1 1 1 -1 
-1 1 -1 1 
1 1 -1 -1 
-1 -1 1 -1 
-1 -1 1 1 
BrutForce Method: Imbalance = 4 --------- S = 2 4 



1 -1 -1 -1 
-1 1 1 -1 
-1 -1 -1 -1 
1 -1 -1 1 
-1 1 -1 1 
1 -1 1 -1 
1 -1 1 -1 
1 1 -1 -1 
BrutForce Method: Imbalance = 4 --------- S = 1 2 



-1 -1 1 1 
-1 -1 -1 1 
1 -1 -1 1 
-1 1 -1 1 
-1 -1 1 -1 
-1 -1 1 1 
1 -1 1 1 
-1 -1 -1 1 
BrutForce Method: Imbalance = 4 --------- S = 2 4 



1 1 1 -1 
-1 -1 -1 1 
1 1 -1 -1 
1 1 -1 -1 
-1 1 -1 -1 
1 -1 -1 1 
-1 -1 1 1 
1 1 1 -1 
BrutForce Method: Imbalance = 0 --------- S = 2 4 



1 1 1 1 
1 -1 -1 -1 
-1 -1 -1 -1 
1 -1 1 -1 
-1 -1 1 1 
1 1 -1 -1 
-1 -1 1 -1 
1 1 -1 1 
BrutForce Method: Imbalance = 6 --------- S = 1 3 



-1 1 1 1 
1 1 -1 -1 
1 1 -1 -1 
1 1 1 -1 
-1 1 -1 1 
-1 1 1 -1 
1 1 -1 1 
1 -1 1 -1 
BrutForce Method: Imbalance = 4 --------- S = 1 4 



1 -1 1 -1 
-1 1 1 -1 
-1 -1 1 -1 
1 1 1 -1 
1 1 1 1 
1 1 1 1 
1 -1 -1 1 
1 1 -1 1 
BrutForce Method: Imbalance = 4 --------- S = 3 4 



1 1 1 1 
1 -1 1 1 
-1 -1 1 1 
1 -1 -1 -1 
1 -1 -1 -1 
-1 1 1 -1 
1 1 -1 -1 
-1 1 1 -1 
BrutForce Method: Imbalance = 4 --------- S = 1 3 



-1 1 1 -1 
1 -1 1 1 
-1 -1 -1 -1 
-1 -1 1 -1 
1 1 1 1 
1 1 -1 -1 
1 -1 -1 -1 
-1 1 1 -1 
BrutForce Method: Imbalance = 6 --------- S = 1 3 



