m=8, n=10
-1 -1 1 1 1 -1 1 -1 1 -1 
-1 1 1 -1 -1 1 -1 -1 1 -1 
-1 1 -1 1 -1 1 1 1 1 1 
1 -1 -1 -1 -1 1 1 1 1 1 
-1 1 -1 1 1 1 -1 1 1 -1 
-1 1 1 1 -1 -1 -1 -1 -1 1 
-1 1 1 1 -1 -1 1 1 -1 1 
-1 1 1 1 1 1 1 1 -1 -1 
BrutForce Method: Imbalance = 0 --------- S = 1 2 3 5 9 10 





1 1 1 1 1 -1 -1 -1 -1 -1 
-1 1 1 -1 -1 -1 1 -1 -1 1 
1 1 1 -1 1 -1 -1 -1 1 1 
-1 1 1 -1 1 -1 -1 1 -1 -1 
1 1 -1 1 1 -1 1 -1 -1 -1 
1 -1 1 1 -1 -1 1 -1 1 -1 
-1 1 -1 -1 1 -1 1 -1 1 -1 
-1 -1 1 1 1 -1 -1 -1 1 -1 
BrutForce Method: Imbalance = 0 --------- S = 3 5 6 7 



1 -1 1 1 -1 -1 -1 -1 -1 1 
-1 -1 1 -1 -1 1 1 -1 -1 1 
-1 -1 -1 1 1 1 1 1 1 1 
-1 -1 1 1 -1 1 1 1 1 -1 
1 -1 1 -1 1 1 -1 -1 1 1 
-1 -1 -1 1 1 -1 -1 -1 1 1 
-1 1 -1 -1 1 -1 1 1 -1 1 
1 1 1 -1 1 -1 1 1 -1 1 
BrutForce Method: Imbalance = 2 --------- S = 2 4 6 10 




-1 -1 1 -1 1 1 1 -1 -1 1 
-1 1 -1 -1 1 1 -1 -1 1 -1 
1 1 1 1 -1 -1 1 -1 -1 1 
1 -1 -1 1 1 1 -1 1 -1 -1 
1 -1 1 1 1 1 -1 -1 1 -1 
1 -1 1 -1 -1 1 -1 1 -1 1 
-1 1 -1 1 -1 1 -1 1 -1 -1 
-1 1 1 1 1 -1 -1 -1 -1 1 
BrutForce Method: Imbalance = 2 --------- S = 2 3 5 8 



-1 1 -1 1 -1 1 -1 1 -1 -1 
1 -1 -1 -1 1 -1 -1 -1 1 1 
1 1 -1 -1 -1 -1 1 1 -1 1 
-1 1 -1 -1 1 1 1 1 -1 1 
1 -1 1 -1 1 1 1 -1 -1 -1 
1 1 1 1 -1 -1 1 -1 -1 -1 
-1 -1 -1 -1 1 1 1 1 1 1 
-1 1 1 1 -1 1 1 1 -1 1 
BrutForce Method: Imbalance = 0 --------- S = 1 4 5 8 


******* m=8/n=12 *******

1 -1 -1 1 -1 -1 1 1 -1 -1 -1 1 
1 -1 1 1 1 -1 1 1 1 -1 -1 -1 
-1 1 1 1 1 -1 1 -1 -1 1 1 1 
-1 1 -1 -1 -1 1 -1 -1 1 1 1 -1 
1 1 1 -1 -1 1 -1 -1 -1 1 -1 1 
-1 -1 1 -1 -1 -1 -1 1 1 1 -1 1 
-1 1 -1 -1 -1 -1 1 -1 1 1 1 -1 
-1 -1 1 -1 -1 -1 1 -1 1 -1 1 1 
BrutForce Method: Imbalance = 0 --------- S = 2 6 7 8 9 12 



-1 1 -1 1 1 -1 -1 1 1 -1 -1 -1 
1 1 1 1 -1 -1 -1 1 1 -1 -1 -1 
-1 1 1 1 1 -1 1 1 -1 1 -1 -1 
1 -1 -1 1 -1 -1 1 1 -1 1 -1 1 
1 -1 -1 -1 -1 1 1 -1 1 -1 -1 -1 
1 -1 1 1 1 -1 1 -1 -1 1 -1 -1 
-1 1 1 1 -1 1 -1 1 -1 -1 1 1 
1 -1 -1 -1 -1 1 1 1 -1 -1 -1 -1 
BrutForce Method: Imbalance = 0 --------- S = 1 4 5 6 7 8 9 11 





-1 -1 -1 1 -1 -1 1 1 1 -1 1 1 
-1 -1 1 1 1 1 1 1 -1 -1 -1 -1 
-1 -1 -1 -1 1 1 -1 -1 -1 1 1 1 
-1 1 -1 -1 -1 -1 -1 1 -1 1 1 1 
-1 -1 -1 -1 -1 1 1 1 -1 1 1 -1 
-1 -1 1 -1 1 1 -1 -1 1 1 -1 -1 
1 -1 1 -1 1 -1 1 -1 -1 1 1 -1 
-1 1 1 1 1 1 -1 -1 -1 1 -1 -1 
BrutForce Method: Imbalance = 0 --------- S = 2 3 5 6 7 8 9 10 11 12 




