[[ 1. -1.  1. -1.]
 [ 1. -1.  1.  1.]
 [ 1.  1. -1. -1.]]
 imbalance = 0
 BrutForce output: S = {2,3} 
 QP Solver output: [-2.95873615e-08  9.14618718e-01  9.14618728e-01 -2.95873614e-08]
                 = [0, 1, 1, 0]


 [[ 1.  1.  1. -1.]
 [ 1. -1.  1.  1.]
 [ 1.  1. -1. -1.]]
imbalance = 0
BrutForce output: S = {2,4} 
QP Solver output: [-2.94818857e-08  9.99982020e-01 -2.94818857e-08  9.99982020e-01]
                     = [0, 1, 0, 1]

 [[-1. -1.  1.  1.]
 [-1.  1.  1.  1.]
 [ 1.  1.  1. -1.]]
imbalance = 0
BrutForce output: S = {1,4} 
QP Solver output:[ 9.99982020e-01 -2.94818856e-08 -2.94818857e-08  9.99982020e-01]
                 = [1, 0, 0, 1]


[[ 1.  1.  1. -1.]
 [ 1. -1. -1. -1.]
 [ 1.  1. -1.  1.]]
imbalance = 2
BrutForce output: S = {1,3} 
QP Solver output:[ 0.49999233 -0.49999239  0.49999233  0.49999233]
                = [0.5, -0.5, 0.5, 0.5]


[[ 1. -1.  1. -1.]
 [-1. -1. -1. -1.]
 [-1.  1.  1.  1.]]
 imbalance = 2
BrutForce output: S = {1,2} 
QP Solver output:[-2.95638680e-08 -2.84812481e-08 -2.88746347e-08 -2.84812494e-08]
                = [0, 0, 0, 0]


[[ 1. -1.  1. -1.]
 [ 1. -1. -1.  1.]
 [ 1.  1. -1. -1.]]
  imbalance = 0
BrutForce output: S = {1,2,3,4} 
QP Solver output:[0.9999847 0.9999847 0.9999847 0.9999847]
                =[1,1,1,1]


[[-1.  1. -1.  1.  1. -1.]
 [ 1.  1. -1.  1. -1.  1.]
 [-1.  1.  1.  1. -1.  1.]]
QP solution: x = [ 0.75824344  0.3791217   0.75824344  0.3791217   0.65388524 -0.10435815]



[[ 1. -1.  1. -1. -1.]
 [-1.  1. -1. -1.  1.]
 [ 1.  1.  1. -1. -1.]]
 BrutForce output: S = {1,5}, {3,5} 
QP solution: x = [ 3.87882370e-01 -2.92329368e-08  3.87882370e-01 -2.92329367e-08
  7.75764723e-01]
                = [0.387, 0, 0.387, 0, 0.775]



   1   2   3   4   5   6   7   8   9
[[-1.  1.  1. -1.  1.  1. -1.  1. -1.]
 [ 1.  1. -1. -1.  1. -1.  1.  1.  1.]
 [ 1.  1. -1. -1.  1. -1.  1. -1. -1.]
 [ 1.  1.  1. -1. -1. -1. -1.  1. -1.]]
 # BrutForce Method: Imbalance = 0 --------- S = {2 4}, {1,6}, {3,7} 
QP solution: x = [ 7.61894563e-01  6.83702221e-01  7.48372257e-01  7.48372257e-01
  6.46700405e-02  6.97224525e-01  6.83702221e-01 -2.95996991e-08
 -2.95996981e-08]
                =[0.761, 0.683, 0.761, 0.761, 0.064, 0.697, 0.683, 0, 0]



[[-1.  1.  1. -1.  1.  1. -1.  1.  1.]
 [-1. -1.  1. -1. -1. -1.  1.  1. -1.]
 [-1.  1. -1. -1.  1.  1.  1.  1.  1.]
 [ 1.  1. -1. -1. -1.  1. -1.  1.  1.]]
 # BrutForce Method: Imbalance = 0 --------- S = {4,8}
QP solution: x = [ 0.603  0.241  0.664  0.980 -0.060  0.241 0.664  0.919 0.241]


[[-1. -1. -1.  1.  1.]
 [ 1. -1.  1.  1. -1.]
 [-1.  1.  1.  1.  1.]
 [ 1.  1. -1.  1.  1.]
 [ 1. -1. -1.  1.  1.]
 [-1.  1. -1. -1.  1.]
 [-1.  1. -1.  1. -1.]
 [-1.  1. -1.  1.  1.]]
 BrutForce Method: Imbalance = 4 --------- S = 1 2 
QP solution: x = [-2.94629100e-08 -2.93443928e-08 -2.94906088e-08 -2.93493812e-08
 -2.93166823e-08]
                = [0, 0, 0, 0, 0]



[[ 1. -1. -1.  1. -1.]
 [ 1.  1.  1. -1.  1.]
 [-1.  1.  1. -1.  1.]
 [ 1.  1.  1. -1.  1.]
 [ 1. -1.  1.  1. -1.]
 [ 1.  1. -1.  1. -1.]
 [-1. -1. -1. -1.  1.]
 [ 1.  1.  1.  1. -1.]]
 BrutForce Method: Imbalance = 0 --------- S = 4 5
QP solution: x = [-2.92250652e-08 -2.90979750e-08 -2.90979751e-08  9.91226303e-01
  9.91226302e-01]
                = [0, 0, 0, 1, 1]


[[ 1. -1.  1. -1.  1.]
 [-1.  1.  1. -1. -1.]
 [ 1.  1. -1. -1.  1.]
 [-1.  1. -1.  1. -1.]
 [-1.  1.  1. -1. -1.]
 [-1. -1.  1.  1. -1.]
 [-1. -1.  1.  1. -1.]
 [-1.  1. -1. -1.  1.]]
BrutForce Method: Imbalance = 0 --------- S = 2 3 4 5 
QP solution: x = [-2.95732742e-08  9.09457019e-01  9.09457027e-01  9.09457027e-01
  9.09457035e-01]
             x = [0, 1, 1, 1, 1]


[[-1. -1. -1.  1. -1.  1.  1. -1.  1. -1.]
 [-1. -1.  1. -1.  1. -1. -1. -1. -1.  1.]
 [ 1. -1. -1. -1. -1. -1.  1.  1.  1.  1.]
 [ 1. -1. -1.  1.  1. -1.  1. -1. -1.  1.]
 [-1. -1. -1. -1.  1. -1.  1. -1.  1. -1.]
 [-1. -1.  1.  1.  1.  1.  1.  1. -1. -1.]]
QP solution: x = [-0.01913634  0.3189412   0.54599492 -0.05361492  0.44732457  0.50093947
  0.61874612 -0.29980495  0.69351454  0.76626579]
            x = [0, .31, .54, 0, .44, .50, .61, -.30, .70, .76]
BrutForce Method: Imbalance = 0 --------- S = 5 6 9 10 




[-1.  1.  1. -1.  1.  1. -1. -1.  1.  1.]
 [ 1. -1.  1.  1.  1.  1. -1.  1. -1.  1.]
 [ 1. -1. -1.  1. -1.  1.  1.  1.  1. -1.]
 [ 1.  1.  1.  1. -1.  1.  1. -1. -1.  1.]
 [-1. -1. -1. -1. -1. -1. -1.  1. -1.  1.]
 [ 1. -1.  1.  1.  1. -1.  1. -1. -1.  1.]]
QP solution: x = [ 0.10948552  0.67152576 -0.12845993  0.10948552  0.29050727 -0.38101852
  0.45255466  0.83357314  0.38101846  0.67152576]
            x = [.1, .67, -.12, .1, .29, -.38, .45, .83 ,.38, .67]
BrutForce Method: Imbalance = 2 --------- S = {2 8}, {5,7}, {9,10} 



[[ 1. -1.  1. -1.  1. -1. -1. -1. -1. -1.]
 [-1. -1. -1.  1.  1. -1.  1.  1.  1.  1.]
 [ 1.  1. -1.  1. -1.  1. -1. -1.  1. -1.]
 [ 1.  1. -1. -1.  1. -1.  1.  1.  1. -1.]
 [-1. -1. -1. -1.  1.  1.  1. -1. -1.  1.]
 [-1.  1. -1. -1.  1.  1.  1. -1. -1. -1.]]
BrutForce Method: Imbalance = 0 --------- S = 1 3 4 5 6 7 
QP solution: x = [ 0.67127537  0.25213584  0.66241162  0.67127537  0.68513859  0.43300277
  0.64854836 -0.22940888 -0.00886376  0.25213584]
            x = [.67, .25, .66, .67, .68, .43, .64, -.22, 0, .25]



[[ 1. -1. -1. -1. -1.  1. -1.  1.  1.  1.  1. -1.  1. -1. -1. -1. -1. -1. 1. -1.  1.  1.]
 [-1. -1.  1.  1.  1. -1.  1.  1.  1. -1.  1.  1. -1. -1. -1.  1. -1. -1. -1. -1. -1. -1.]]
 BrutForce Method: Imbalance = 0  -------  S = 1 3
QP solution: x = [0.80298556 0.33512383 0.93681649 0.93681649 0.93681649 0.80298556
 0.93681649 0.67024764 0.67024764 0.80298556 0.67024764 0.93681649
 0.80298556 0.33512383 0.33512383 0.93681649 0.33512383 0.33512383
 0.80298556 0.33512383 0.80298556 0.80298556]



******* "In our paper, we used this example to illustrate the intuition behind the optimization process 
in our BrutForce algorithm. We applied a QP solver to the problem, and the example helped us demonstrate 
the effectiveness of our approach." *******

 [[-1. -1.  1. -1.  1. -1.  1.  1.  1.  1.]
  [-1. -1.  1. -1. -1.  1.  1. -1. -1.  1.]
  [-1. -1. -1.  1.  1. -1. -1.  1.  1. -1.]]
QP solution: x = [-2.75570396e-08 -2.75570392e-08  1.57250176e-01  4.71750512e-01
  1.57250176e-01  4.71750512e-01  1.57250176e-01  1.57250176e-01
  1.57250176e-01  1.57250176e-01]

      [-0.000000027, -0.000000027, 0.157, 0.471, 0.157, 0.471, 0.157, 0.157, 0.157, 0.157]


After removing the duplicates columns
[[-1.  1. -1.  1. -1.]
 [-1.  1. -1. -1.  1.]
 [-1. -1.  1.  1. -1.]]
QP solution: x = [-2.95880179e-08  9.55991389e-01  9.55991394e-01  9.55991389e-01
  9.55991394e-01]

    [-0.000000029, 0.955, 0.955, 0.955, 0.955]